[[136, 0, 108, 28, 48, 88], [0, 180, 58, 122, 137, 43], [108, 58, 166, 0, 54, 112], [28, 122, 0, 150, 131, 19], [48, 137, 54, 131, 185, 0], [88, 43, 112, 19, 0, 131]]