[[170, 0, 0, 144, 26, 32, 138], [0, 112, 0, 69, 43, 47, 65], [0, 0, 34, 15, 19, 24, 10], [144, 69, 15, 228, 0, 51, 177], [26, 43, 19, 0, 88, 52, 36], [32, 47, 24, 51, 52, 103, 0], [138, 65, 10, 177, 36, 0, 213]]