0	0.556591345343925	0.611967954101793	0.71443619104439	0.74394697420206	0.676844065267012	0.705538181592737	0.743252384821879	0.748342389262086	0.723176402193421	0.806691734604832	0.747660832870414	0.812950532064195	0.999995624413169	0.827389989412846	0.726682555792042	0.896087006248834	0.843055794390806	0.88167610339569	0.75807245000049	0.722162941795553	0.778883513284833	0.94658443755012	0.664694749418952	0.833709149917275	0.941141380670713	0.834139520922079	0.991291256822585	0.948183649363676	0.999388910426464	0.886001139931043	0.868829891589942	0.812997026453548	0.863587158339969	0.717807996848811	0.924465843163164	0.912872631941845	0.884188440987163	0.741065761606012	0.713681857178617	0.82547147862774	0.65824495696384	0.686221655502226	0.795047464877084	0.76521377198148	0.629145221598147	0.702684227913337	0.905035086434891	0.830490776798016	0.656840187228634	0.688989344055408	0.697691723844518	0.937609472121435	0.686376641576285	0.798564933353247	0.837849377915589	0.442645768818438	0.581758705999059	0.607355541001981	0.647659221516579	0.724338342580853	0.698277796115004	0.729408668793206	0.779045957333288	0.885429574767641	0.729362839357456	0.914511299475889	0.811504549943507	0.82391326717597	0.939854356513444	0.890816758973561	0.755021737190359	0.932109770105237	0.862666130698304	0.771699844243737	0.947785731103845	0.801824321967751	0.728191281474788	0.774700531834545	0.955907764274749	0.951923241420307	0.694752271518017	0.774712059417258	0.821615164309031	0.846293033389647	0.964057072551179	0.964443818909131	0.84202451482283	0.990676598993662	0.903420503651332	0.868699771260247	0.779035599574201	0.719203770396813	0.870118997935301	0.771078810248247	0.613485205621754	0.65824331408293	0.831677641623704	0.685260964498352	0.730950973783177	0.778314282570088	0.7418975638922	0.831922520948511	0.564079946303918	0.70398713019407	0.739809047157171	0.932446871367024	0.650861914279229	0.633843905978164	0.839213658958018	0.643587395606047	0.828463548742581	0.838341811098015
0.556591345343925	0	0.7049693149224	0.648680412803329	0.757664624072317	0.837185482405757	0.810358846095216	0.889358385560321	0.848380471460219	0.864631965030491	0.69857510566964	0.687151036504817	0.898520029328387	0.992022014453523	0.901649924035875	0.845575201833779	0.97602712683054	0.969933267267134	0.979904362791236	0.915204369062258	0.87454163533826	0.930951018739682	0.998812671915402	0.900096283147753	0.969925210296354	0.992826138967433	0.97592913334849	0.980781297883507	0.965764933929222	0.981087222318228	0.962726434730545	0.933609889416671	0.921516447592133	0.968933156535935	0.7953376421178	0.941863936204626	0.983478097977975	0.93709887358193	0.922479944060445	0.877334891879984	0.943337586679565	0.845198122842847	0.873387071049556	0.784260400832175	0.870786410258585	0.698377053730427	0.806003577712139	0.869011632719713	0.884264982289144	0.698230428705844	0.864316204018791	0.810358153141827	0.997671070884368	0.795915590672352	0.827372328268419	0.775648720189827	0.57196183116405	0.166554791389143	0.742783142482115	0.666176508279434	0.752846724572349	0.859782968138458	0.827035812282457	0.922860697398921	0.95461835742995	0.860061712939545	0.772072965288818	0.772971863860104	0.82190845250816	0.867415807538377	0.953136707746575	0.900335719129221	0.957729642706012	0.974476731465298	0.847518664310808	0.998590765168488	0.928623979576429	0.883070505789565	0.942807574601855	0.99964873219055	0.95367058903359	0.893182621131658	0.836416041762328	0.950710931623414	0.961971399957308	0.937872197112354	0.942732986376371	0.86682395363709	0.999654471197504	0.948806234100927	0.980731777334992	0.826856637374568	0.829269843493188	0.853033067352254	0.902969891276673	0.757594787145007	0.850716785284803	0.958513176687681	0.848344435354498	0.843562914480442	0.78306027927764	0.755812008180047	0.951782796824725	0.709926724495031	0.809014677422416	0.784906519382437	0.82503513375854	0.557306397762476	0.770364171206731	0.922356199873656	0.743146791892251	0.830414806029472	0.739226254204988
0.611967954101793	0.7049693149224	0	0.611555253857398	0.593619103141782	0.679115883587984	0.798282498166297	0.781919683507445	0.722575615279122	0.736604313277316	0.92935980677114	0.860421165318799	0.901096864666346	0.990687114765388	0.919152945722744	0.838986479919308	0.928607219391369	0.910979448693423	0.929755101415766	0.798038513139726	0.723919808272114	0.861106415075909	0.965717429898829	0.826742569580474	0.866439866181278	0.973001460535732	0.89419884741555	0.988419899407819	0.927745766649387	0.977892226999786	0.967129252071975	0.932155216616698	0.920292346288395	0.887357028847663	0.863956028019335	0.942508294168932	0.871507979961931	0.850429643148834	0.808851846063123	0.745522743630049	0.897715258806965	0.640990570923567	0.800677449962597	0.812409819607457	0.764994074364688	0.660037294250068	0.682400936756953	0.915127450177042	0.852358153316295	0.714818576236183	0.723365808119759	0.733462926082715	0.918294316353371	0.567478116542565	0.844980295353478	0.889746093647177	0.554032087520212	0.710759631896502	0.436296537937119	0.56275094299094	0.655121918004068	0.749908365087903	0.814968264679136	0.807290421522941	0.883267590037791	0.746491706150636	0.972989460674805	0.875688414092961	0.906098940298235	0.97375896789548	0.966581022385566	0.847590629258956	0.997486970020396	0.930304258067104	0.836350492305365	0.982666512376452	0.836894677144705	0.813549528355851	0.85521000076312	0.995999776419216	0.937373925836305	0.819152581224638	0.770885452062022	0.855814705687438	0.916273975828988	0.954516502162086	0.97452281825669	0.88477085876768	0.994534061310716	0.948955090014007	0.920305908149501	0.902753238592076	0.804661966606451	0.889205257813894	0.828927007643625	0.699107763782694	0.756030600497859	0.891553186061434	0.730972887448136	0.758839529293963	0.783754011234066	0.791230195456363	0.837096870299418	0.574200102093728	0.648162577667879	0.746983384988049	0.96081840601398	0.737095478564192	0.686756908771346	0.862002519450666	0.6056150190416	0.856959222830687	0.891732105529523
0.71443619104439	0.648680412803329	0.611555253857398	0	0.464812290043943	0.671103171825339	0.735203705552593	0.8106532504057	0.795715628500013	0.810116977528265	0.843656986764841	0.674291967159994	0.737408186483166	0.99904470362659	0.781536063187686	0.779914956864701	0.928063395643161	0.88389675988834	0.952270088731115	0.858194106506047	0.737099577592512	0.883528348162631	0.988163744205164	0.819165008953523	0.915294277410825	0.999589677561101	0.964042089649894	0.965447726201468	0.960785741726773	0.99911600485222	0.947962432303278	0.910011623258789	0.927321933076912	0.953659856395457	0.864079906208361	0.887604735405965	0.908860742950961	0.868793941679498	0.849440371008341	0.727458125007628	0.981164511759347	0.646199782775088	0.902731116870832	0.667084413847023	0.759266333370898	0.668954976688421	0.705140999026269	0.82044422677691	0.749672749693308	0.584154050553445	0.771125948457179	0.687625258929978	0.891450417784877	0.471525373297326	0.779143032925276	0.784460846279665	0.790135422027846	0.650099832820023	0.685929847490873	0.35962485498236	0.51062297410408	0.702282272518712	0.770057886723557	0.862171640637791	0.93973112831524	0.801291919217374	0.891786562090239	0.665541960167311	0.701580334508876	0.897596008323207	0.865803602924503	0.808595125521451	0.984386733838595	0.904623190799837	0.827716120623169	0.990304569965929	0.861090282663027	0.798206248798141	0.880791153875847	0.997912469510054	0.921147319015845	0.821859614268245	0.785690090136206	0.892878701977098	0.959013442352465	0.912704723373024	0.918181080515743	0.884127412951039	0.982120257589185	0.932143823734543	0.918729628925389	0.899263628398351	0.800287823291765	0.737965587464071	0.836425582747184	0.725348716058484	0.78571748615385	0.934751823105123	0.712277356241631	0.856876813212008	0.65402380962362	0.688667718399032	0.868104186541173	0.661236127832868	0.719728413019311	0.676647799890102	0.808210067642452	0.627787200706062	0.726290366005608	0.770763054722926	0.54899904688261	0.806968990208694	0.788592669230907
0.74394697420206	0.757664624072317	0.593619103141782	0.464812290043943	0	0.707122753034272	0.819621744853004	0.830269120477182	0.82367098744376	0.82198450262877	0.881715255001286	0.751698574629801	0.816989506269918	0.998933583854281	0.870415267359095	0.839405609114523	0.972045886869125	0.928065935623944	0.982310649678838	0.868331319841132	0.734375866047068	0.89256755588907	0.989857549918985	0.801597183267574	0.925745375863174	0.998658658534413	0.952151502308899	0.957430957773032	0.890444326477578	0.997594334245029	0.973677793993273	0.927870593648586	0.948766784124834	0.954905735828989	0.915695472195036	0.901952606564699	0.903347377120483	0.813587032127461	0.85883076181244	0.674929930228302	0.96095682247659	0.561741611780467	0.913212119247726	0.631440158181341	0.764644927088494	0.631991810036503	0.585892064348725	0.788027218646977	0.692474400377698	0.55645155258825	0.761302009957935	0.69596724099959	0.859868880498091	0.412450472867208	0.783474634402133	0.807255792567957	0.824965845350724	0.764143718333828	0.652537990266224	0.401811350065218	0.278159578375752	0.725944771081298	0.821659043952761	0.870680219991354	0.950803880356904	0.818903221146172	0.95542392855064	0.709681740527238	0.784711377884713	0.894753847383308	0.907632977376731	0.833712516569349	0.999828834637337	0.940152407912374	0.879042058233105	0.999883846612591	0.872279029408336	0.806272602123958	0.898607239023536	0.999971187600705	0.97266659301916	0.818415527127368	0.80674985694611	0.912351878849268	0.970678905585879	0.907552649819856	0.903102549414565	0.808085248762827	0.996383438358602	0.964163900009041	0.935877624327757	0.928928151677535	0.848911906916275	0.74006546615618	0.837487442349413	0.766318397408309	0.765194136205394	0.905622476103206	0.685354278606721	0.851135718842191	0.675249827784125	0.711912790379674	0.869169698828397	0.632443412794772	0.650059070105052	0.643795263636685	0.828191341013472	0.704502904300798	0.76551893940709	0.737838869353528	0.516906242153927	0.79773842503089	0.836498837011237
0.676844065267012	0.837185482405757	0.679115883587984	0.671103171825339	0.707122753034272	0	0.504563342301045	0.39668685457754	0.529876771460822	0.4566520260516	0.885937807139048	0.794463623775158	0.75186331117677	0.989275351924095	0.704193172280847	0.50383945199354	0.821380577975641	0.580863969316579	0.709001111542531	0.530098765072057	0.340687196955113	0.537085481189057	0.792358017869987	0.568576363076326	0.65580321455498	0.920900852113687	0.706005389522568	0.991097495427808	0.954827637208578	0.997884815814829	0.873045245917573	0.842459747860622	0.755622024298758	0.810262851168665	0.669058233081421	0.86277670765007	0.84998538816352	0.846078133756106	0.623904868477546	0.652882448736592	0.885495524523985	0.604096424203238	0.70913818499844	0.766834845035867	0.588807624624818	0.640539172149779	0.610985379548282	0.909243511135743	0.778334615896711	0.624036780882488	0.5493654914663	0.495696518999254	0.804601008453771	0.557395789065454	0.791595960384499	0.771382779037176	0.78275247625272	0.845935303206062	0.670222909497823	0.597433000427816	0.687519615657934	0.262711320280468	0.542233417848738	0.455213170956557	0.760023582061221	0.44275127272424	0.967851876861844	0.819890558307584	0.811217067669291	0.94054721558545	0.80719242273613	0.542757838196442	0.943431914008535	0.620073412438856	0.692964946268281	0.889298312511615	0.545721667606928	0.392868922610603	0.547059698485028	0.865289679645742	0.966664656546803	0.614831075744521	0.662650548571424	0.601202038107281	0.750613388372804	0.969268246466601	0.955544649799107	0.883775134132511	0.958771961545026	0.869940292211306	0.783684776742628	0.779870458484198	0.692180522482657	0.889049970023144	0.704859096516881	0.631173711929662	0.657462326368939	0.74578578800552	0.720201424662423	0.710573477907717	0.778248076385282	0.749168248805082	0.725747230233958	0.623904042631356	0.640894843199625	0.730103441163688	0.951938900499408	0.793030547443791	0.483273676166095	0.701580461145364	0.544589533400522	0.746880658695024	0.798887739819338
0.705538181592737	0.810358846095216	0.798282498166297	0.735203705552593	0.819621744853004	0.504563342301045	0	0.493472758807079	0.617499070857862	0.582905710986465	0.860076455422385	0.750776246084915	0.81171578861012	0.982730133436613	0.709675598492754	0.611973587708241	0.804142432278896	0.652263687602301	0.727591370974425	0.626437333212293	0.582880787774751	0.643927772869649	0.844270222754158	0.660808040990481	0.741078159749772	0.947658971258126	0.79728479046443	0.993282076086143	0.972969881560298	0.999701093448937	0.87825579228474	0.876656951552775	0.760310525896556	0.866058314404611	0.660591528969474	0.899162293179322	0.886607987853465	0.905468779298144	0.692280489577318	0.751731668137089	0.901608947756897	0.770820331051226	0.694030561793737	0.805397734512836	0.707070270472387	0.712546468433461	0.762642571528839	0.9018105712527	0.785748618284768	0.697876076303162	0.656095521261707	0.607814681394058	0.907486291359058	0.728970315057201	0.797177109239165	0.722017375239044	0.811359872639585	0.8154758805215	0.780907222716102	0.713713831945533	0.799960248121558	0.531529223139303	0.216361423100441	0.538559526870463	0.845271459802811	0.566259031084309	0.927371221614976	0.82111841594818	0.829920325990418	0.930881985957815	0.782946286929328	0.664711801391422	0.852959717064274	0.654529519983186	0.670501680398128	0.862984113656951	0.638423234605487	0.527623372239436	0.598406192547015	0.817533721196937	0.931309747797909	0.669888154074852	0.716885770217247	0.678915430102434	0.79042335645997	0.983910124697479	0.967369917678039	0.888192510056519	0.946665922353784	0.844385358182123	0.826244607271411	0.760171654572616	0.70600993692485	0.876711896650309	0.720735293894217	0.669663801775733	0.730723111153425	0.845509053004352	0.799502608430368	0.754782113488417	0.797989907680529	0.717543329769932	0.826280412751361	0.691404112071741	0.768621356398634	0.75756035069419	0.930755232267759	0.777138658558855	0.554162034367391	0.795689928216498	0.669863284621092	0.798823987006813	0.732705713874893
0.743252384821879	0.889358385560321	0.781919683507445	0.8106532504057	0.830269120477182	0.39668685457754	0.493472758807079	0	0.382208539924163	0.315865119349892	0.924571387933165	0.873602244778693	0.809700483935929	0.982935475434135	0.759928133303469	0.540600175177418	0.801443524807654	0.533379605800535	0.539581370148842	0.390979065868357	0.42355985984299	0.41996176219645	0.769814101752506	0.606679628238097	0.601178321731931	0.865879574021481	0.617807303436942	0.9936120231826	0.957964471682569	0.999987371925659	0.896110565374195	0.892007383471078	0.740638701049407	0.757836104604203	0.650647656486094	0.870925780127867	0.86998397089382	0.900074421169273	0.657190857610194	0.653645670288561	0.870009520486809	0.754966233337005	0.628549448022982	0.847509026523197	0.676296864461466	0.712694107567288	0.655064416066653	0.929912907970845	0.823106882076356	0.702958831300502	0.54899511830753	0.505668049682153	0.88228470803495	0.721464647969183	0.806887187630061	0.811788633832159	0.837986831146787	0.88995195493302	0.719666750121591	0.73209517137072	0.79844369770772	0.424754342187898	0.518685323254214	0.210376430469423	0.653731372075087	0.324661575116851	0.985328863001334	0.890621540551862	0.86382701538604	0.977547894167093	0.839030392791891	0.51841369505325	0.914070141427123	0.521019604300311	0.755545495967027	0.795739198207876	0.406733239095891	0.326821165939408	0.440141299388816	0.812211781892535	0.982727711709556	0.673934696939841	0.660677347768196	0.561985585236197	0.669659661170372	0.983754821176221	0.962222135631611	0.888519836840606	0.953057357626151	0.892237752544878	0.832166049042796	0.777171740139119	0.717512399303013	0.908362731605987	0.759324780903731	0.695202307441492	0.680771978242334	0.734855471801674	0.816564223763643	0.643029527000022	0.857265921431955	0.829954886150587	0.790552406151326	0.688256668063604	0.684049522501519	0.791170237973923	0.971195027215182	0.866507683736628	0.442521557384623	0.823567363353996	0.656733699700585	0.815810433434306	0.845197299741493
0.748342389262086	0.848380471460219	0.722575615279122	0.795715628500013	0.82367098744376	0.529876771460822	0.617499070857862	0.382208539924163	0	0.374257283959093	0.919473158094569	0.905847799601041	0.858681627147182	0.997710597196275	0.831433415880603	0.633851382889364	0.817856743617226	0.675668896763638	0.627981879212792	0.463776405405971	0.516253307184224	0.558762335724923	0.818626610752811	0.712988595825261	0.670328433085601	0.85737948731189	0.671894481711887	0.98021644751709	0.944189358310983	0.998069193122484	0.934742590575036	0.886451809285956	0.796523881792048	0.746668925123233	0.674220600457171	0.905426785502877	0.849859109325115	0.905429558932007	0.709916992548996	0.679883241807688	0.826582548007663	0.782761748171587	0.68586799027266	0.858023567831968	0.656364824531587	0.70577242424858	0.653146328532139	0.906803296150738	0.827294404624881	0.683986432882201	0.540825320738847	0.545367323706759	0.921604170147554	0.753719365651164	0.806032822490819	0.817845645434201	0.801040833466299	0.845100867266428	0.72980863879097	0.749749196524303	0.820671801577757	0.570828242861198	0.637871092960414	0.455882566641195	0.650355665834101	0.39671691829116	0.975243216370426	0.919010799641026	0.88964426759201	0.979206751574758	0.893565746073377	0.613621459257443	0.930331839341181	0.688481512024291	0.768815023232287	0.823851371971516	0.487109777082799	0.524029362993786	0.550726037571807	0.891036320733716	0.982028899052772	0.737752371818043	0.670850172366513	0.628217657100762	0.70654562956686	0.977227058790735	0.941514107734067	0.87826884635721	0.987171423402993	0.906084466739725	0.894522509263339	0.807128707421551	0.756000355374547	0.895885624030945	0.783308745121183	0.675042278259227	0.689930506906072	0.757138228452338	0.841316892034536	0.668944564383157	0.840664328235488	0.842887009302535	0.7759817070372	0.669687993795421	0.647805888710656	0.76552691835413	0.958511315082242	0.843389322393428	0.466267884274908	0.872831214426569	0.707588090929604	0.792281858375919	0.838227098326982
0.723176402193421	0.864631965030491	0.736604313277316	0.810116977528265	0.82198450262877	0.4566520260516	0.582905710986465	0.315865119349892	0.374257283959093	0	0.88838239448882	0.89047081140403	0.849760486911328	0.983873133899873	0.781312199267105	0.599626243304402	0.856726864586185	0.632742762134082	0.579084114296152	0.356048197593385	0.47248441742823	0.406427742156183	0.792005298987664	0.618852603161528	0.622844519872923	0.850396805465251	0.580544923451899	0.968472789753831	0.925546833806327	0.998543473353755	0.879378706385411	0.873395758947383	0.715726607127504	0.64408930805955	0.658972333887319	0.920223554972278	0.849682325698433	0.872221539459997	0.706775688932891	0.634216912916011	0.80567377295862	0.762001464667421	0.635416697001751	0.84733302736293	0.648285150879042	0.711573491351192	0.644546218016453	0.875080457751196	0.822458502439564	0.688950347892599	0.505250063009307	0.453849586996842	0.9209108122244	0.754888992625995	0.775287412124418	0.781230292012002	0.802551463507574	0.86484226556249	0.697145186641799	0.730066225558316	0.803040643069348	0.471722475682941	0.585798620348852	0.364526880239271	0.579158026768109	0.211174947354002	0.962748195787101	0.908837136394216	0.890797294823699	0.98071204223507	0.844805264720948	0.549013535085809	0.910001819780576	0.621036767276776	0.715993562200019	0.78877583936608	0.368482443696474	0.408327262115736	0.46336977048368	0.868302630882007	0.97972284607222	0.67885593778689	0.579236455357521	0.55923015179036	0.623474902533543	0.981373844742668	0.918580443635424	0.858326998510559	0.968394865747002	0.89340541534312	0.863838411522185	0.761281436058994	0.720710767485409	0.876838533916786	0.749961026332343	0.64652647561335	0.622500784861218	0.664943195925996	0.825939755213585	0.652935632658868	0.833434459042042	0.850163197772271	0.7463278303734	0.68006444372166	0.657828610180791	0.755885737820474	0.957367054324615	0.871420086390861	0.358809920708135	0.857583550595052	0.699635687489479	0.784550663231611	0.813541521221069
0.806691734604832	0.69857510566964	0.92935980677114	0.843656986764841	0.881715255001286	0.885937807139048	0.860076455422385	0.924571387933165	0.919473158094569	0.88838239448882	0	0.604896259691914	0.859760802345979	0.946739537346871	0.79501542496851	0.806705536026224	0.97047811722708	0.957017806780929	0.977744564230162	0.91990095099655	0.908479752429874	0.891512415091339	0.998679748200138	0.88034560690427	0.983594372787978	0.991287264307786	0.95851858102117	0.953202719317191	0.969752346623591	0.94636051595433	0.766702390827153	0.868401793796825	0.795995010811897	0.940867548520507	0.857520454833924	0.964805241622024	0.980377313790517	0.944831975237999	0.927635143066859	0.911616512915684	0.959298149897078	0.895997329206286	0.928566672643956	0.780039531018062	0.899470817139817	0.840185378559154	0.874303777492932	0.774654091672059	0.875151530604542	0.746659747201651	0.900717695987397	0.828667107500947	0.996061170177066	0.90742176101286	0.861429331110005	0.609252212040839	0.867326372051698	0.718556341361254	0.936066207549199	0.809819054610271	0.858326494643249	0.871434085642034	0.839202584342098	0.941595827451395	0.967753007971248	0.874160107315168	0.466255123002233	0.644385510601072	0.760228684492853	0.667451923545667	0.793859214922441	0.857027469606685	0.89275726887287	0.954931569473475	0.779395235165855	0.994538613903746	0.920092838065699	0.879129279293983	0.928520454537656	0.992583149154629	0.996285230569926	0.894931146033993	0.88021287835142	0.964292994591599	0.929545811599709	0.975807547557888	0.8619266966946	0.917379432371763	0.922484767903064	0.855373752686304	0.967242152863364	0.757641579660504	0.842031621435834	0.869406012515857	0.903417584534038	0.822438341392767	0.899023859902388	0.969068042729728	0.871984772163288	0.948790726368355	0.785436188033684	0.823001457937232	0.950363929375172	0.880532454602561	0.904739863630433	0.837443418836983	0.795193314977425	0.748145204462187	0.830006290380548	0.893676250886271	0.879522407100691	0.8289234474972	0.631673532292159
0.747660832870414	0.687151036504817	0.860421165318799	0.674291967159994	0.751698574629801	0.794463623775158	0.750776246084915	0.873602244778693	0.905847799601041	0.89047081140403	0.604896259691914	0	0.766888001843975	0.9503616045046	0.692462583717705	0.746881123464984	0.908131097221127	0.884711773619346	0.953308358700237	0.911161376035152	0.833141780776191	0.886611039096594	0.987851317108703	0.812415567674495	0.948217386116034	0.993470353894746	0.962311241357846	0.99226600863071	0.99338459435588	0.987259120066255	0.81081963311039	0.866238442285618	0.824122330973679	0.965324033630121	0.851281702321888	0.865271785832162	0.965758054293524	0.929786942830835	0.862652587915329	0.862973209535662	0.970202668900514	0.779732324849921	0.90390114528182	0.724219135541641	0.869144050820754	0.784538264663493	0.850142768014093	0.872217706576959	0.804351953257737	0.694342145235957	0.870813076042115	0.787349954440914	0.949552909464255	0.757991450802912	0.858784721087005	0.61621799691641	0.824399357357809	0.695741167219978	0.882577485816535	0.684632159141838	0.736714439661662	0.792440003091246	0.748962206447291	0.906371911240248	0.966907004888701	0.870449829566511	0.7211864199229	0.425925626158281	0.681002961122929	0.680602947384541	0.753422580631752	0.820584541042373	0.914272016359669	0.895131658792491	0.741649800527305	0.989881443758766	0.907102884469912	0.811394077919783	0.901041956666652	0.959964506992971	0.973439251095838	0.816408627866339	0.845270749175995	0.932375138589994	0.950272863633772	0.934036045678063	0.936743459065592	0.931047901947803	0.928761796549596	0.829662258851369	0.892516067323912	0.76092424817688	0.7720310728426	0.842026498197108	0.826422022442439	0.797334691224607	0.846904051482757	0.969404876733737	0.777089696350316	0.928246063771846	0.782630389377371	0.666758819504581	0.945343037717593	0.808720576633146	0.887492704996981	0.794220876929167	0.85197497403336	0.687932015287938	0.818340105642075	0.767263246702087	0.73211224029591	0.844156803919759	0.615386851934487
0.812950532064195	0.898520029328387	0.901096864666346	0.737408186483166	0.816989506269918	0.75186331117677	0.81171578861012	0.809700483935929	0.858681627147182	0.849760486911328	0.859760802345979	0.766888001843975	0	0.903717112809758	0.627052633139904	0.667729331829658	0.842322057672061	0.719381039301988	0.845529414162159	0.798701829981951	0.739286879475987	0.765115203511414	0.862078664547584	0.702319680071265	0.824141507483213	0.964447697907872	0.864436703943141	0.983598760449782	0.997364593423129	0.8899029656799	0.713138983256921	0.831227798520714	0.81932771633023	0.905125462127808	0.841094304380757	0.917651491274819	0.86623390869257	0.882765253957226	0.80197536768488	0.750995303070645	0.981433372805893	0.697218570650954	0.937705846805001	0.862916039744913	0.790820152083756	0.864218229111001	0.854467305971127	0.927041825801551	0.800016058628695	0.790207555819838	0.813961961039189	0.781605720193991	0.76972870078906	0.713075910769273	0.824310060136881	0.912260036913373	0.921880128286179	0.900893916589589	0.902029082185665	0.730681770730741	0.800162080316308	0.732287621658318	0.830566382066286	0.823308606016305	0.951527064621507	0.847759765004111	0.931070862404065	0.648290006045721	0.37289394503213	0.94198632130122	0.648573768228707	0.676674258866986	0.94198632595852	0.779020353300473	0.876780577437544	0.909590478210575	0.81651475872936	0.758281901098865	0.777709947283598	0.917819522548368	0.945501445962796	0.74740789499144	0.887471564316387	0.846439301722768	0.859952942296144	0.9885352101759	0.953962233444191	0.972827858688073	0.820434196935369	0.811264099667146	0.764505381404582	0.904767186816534	0.818371234461312	0.884465763674295	0.800824998188437	0.780211481402941	0.787570654022247	0.879731734390953	0.60476418504244	0.905355828366732	0.769448939024487	0.807845343183699	0.815309519021985	0.829795770103467	0.83407243132969	0.84805124062646	0.945882986899044	0.836641743259267	0.823614669884746	0.702752717786725	0.767568307198648	0.867847176707849	0.922233290202068
0.999995624413169	0.992022014453523	0.990687114765388	0.99904470362659	0.998933583854281	0.989275351924095	0.982730133436613	0.982935475434135	0.997710597196275	0.983873133899873	0.946739537346871	0.9503616045046	0.903717112809758	0	0.796844685300072	0.950090379302092	0.908940812698623	0.890914981029256	0.913344292164983	0.958694699359845	0.976294997116362	0.925723795850683	0.913348731726007	0.935054150178169	0.943576500479007	0.96850607365979	0.946316483612835	0.996209924756525	0.993719469833619	0.794666224804738	0.787360167950051	0.974850019428294	0.908272886896935	0.923966356388062	0.999999921132187	0.999961670443001	0.98221675912419	0.999963437549903	0.970997034022396	0.976875602535171	0.999657912784156	0.994045774320943	0.995004345971083	0.99903419038477	0.988634377891521	0.997777702881509	0.996127612309032	0.996401347173655	0.991442697604033	0.995550143659593	0.995902466835131	0.980853506465764	0.961523075998422	0.997488481462996	0.980438475414476	0.975415871415836	0.993069938002316	0.992714247364151	0.989741188096043	0.999152161441247	0.99999081957944	0.974785326899453	0.97622468902796	0.976283054935401	0.988267466859557	0.982986225674124	0.92663366691759	0.915541395255028	0.91828896490343	0.965226897485666	0.758391071279571	0.903048988437166	0.898797892087913	0.877898978436582	0.96132015140086	0.874340068817639	0.943344116970494	0.95809403224285	0.922621625474961	0.920383391099397	0.998913826060993	0.944231928427272	0.998440751072297	0.961459951237679	0.927794191381967	0.977623265338897	0.992178566986349	0.984208580389198	0.80338872751084	0.881989256715483	0.870443589655224	0.977147161076738	0.95441049591306	0.9947917862975	0.987447063475622	0.993296635006807	0.979860717398347	0.992558995107323	0.984140713438674	0.99839355745578	0.993054307480314	0.99350322822442	0.983475545068815	0.999926259114122	0.994635269384471	0.999381667312456	0.998286187747724	0.999683854530525	0.989602979997264	0.956217129215526	0.998620961693622	0.997651583554072	0.987835094925099
0.827389989412846	0.901649924035875	0.919152945722744	0.781536063187686	0.870415267359095	0.704193172280847	0.709675598492754	0.759928133303469	0.831433415880603	0.781312199267105	0.79501542496851	0.692462583717705	0.627052633139904	0.796844685300072	0	0.605660423549646	0.723987837024426	0.604426490199044	0.764584338578432	0.766623543460176	0.70173906838781	0.698300934272857	0.829068888142916	0.629404773419013	0.763873982915033	0.946439504558313	0.816692174247975	0.985733598275749	0.998406086941566	0.904285818103032	0.648921481071941	0.853146628386212	0.750455032616197	0.828762642225209	0.833394543991151	0.887642842015015	0.859238858283112	0.935546020046883	0.757727743250378	0.766696261519439	0.958082809266811	0.776594131597925	0.865151642307459	0.85291772092448	0.800299383689432	0.878776057098021	0.853191169085907	0.931778513650786	0.825433377394582	0.780990460085528	0.783983620809867	0.735653866098562	0.85078549859909	0.782724022238616	0.854770230551267	0.807237953072564	0.909424290060252	0.901306581761955	0.919703489369721	0.792992514372944	0.86079649453383	0.631224556555619	0.699543537216657	0.785815079227916	0.893396671041398	0.765552213021401	0.855977412145323	0.669373876273763	0.666094408503808	0.880355366045845	0.452495880739068	0.585991396024909	0.831609475482602	0.640492775956172	0.771931637675473	0.85659467217491	0.756878568577774	0.653888094419762	0.691779713158591	0.859120584860551	0.952417476010498	0.637466406788875	0.811067012881335	0.726930250661114	0.792238433031559	0.985709543258641	0.952886922514189	0.973813344151866	0.818297784500017	0.763939112375655	0.705412168044269	0.811377640878992	0.730774056400028	0.895121644230274	0.74813780232896	0.755650590191395	0.726700280137511	0.868678910758094	0.788315750754215	0.925729103473648	0.846351062417133	0.792561022761475	0.814962536485064	0.8515526073186	0.851371373162727	0.864157092715713	0.957550153405654	0.865299879285857	0.767012075612839	0.712006445824924	0.801158218102915	0.886431446431676	0.825945722011155
0.726682555792042	0.845575201833779	0.838986479919308	0.779914956864701	0.839405609114523	0.50383945199354	0.611973587708241	0.540600175177418	0.633851382889364	0.599626243304402	0.806705536026224	0.746881123464984	0.667729331829658	0.950090379302092	0.605660423549646	0	0.780020707822633	0.588686171065379	0.678930827826278	0.605815232727231	0.534332586555485	0.488463083258385	0.787711647071893	0.569478900885187	0.677571518762199	0.900934680928142	0.668795966413955	0.982307450178471	0.979184242413032	0.962184099342367	0.726181750239418	0.778873714457659	0.597189369538066	0.777734971916218	0.644829561290927	0.883718654931456	0.860586027247141	0.857470525922351	0.664846541206843	0.702884186718426	0.878010206779304	0.736671992890132	0.770176023323627	0.855090514049228	0.673368621232344	0.805935126048891	0.752168962746365	0.906536206484727	0.810519916886629	0.686530723613334	0.619601970063389	0.578040975543336	0.851187859243974	0.728804444476948	0.807426661254108	0.790296272361938	0.843429358009922	0.854978110457944	0.792821721508931	0.726718180429237	0.797958475680197	0.491892478911784	0.609162914631168	0.557630683279415	0.739258565264989	0.559908794718676	0.928698888436354	0.775471727092699	0.715271589051088	0.929749606926998	0.660674458973547	0.403307753638638	0.871132394953778	0.591024131734115	0.714575833104953	0.817518126966549	0.609548787095895	0.503636879145321	0.514338520850245	0.810134577083303	0.974297585843704	0.594039855279758	0.695188664638502	0.614899460017896	0.667035671089863	0.978825058142736	0.931066512971494	0.92461574332754	0.885060940921151	0.764115030995717	0.733372794316959	0.661698127632497	0.655388077764742	0.899766545078588	0.721149263808097	0.624207236316928	0.682948143480748	0.74767505318131	0.736756238865851	0.751452341568052	0.843779348376414	0.804146863345544	0.742986440420996	0.779085329641999	0.77284883458461	0.806720147185863	0.945664436078798	0.818105553232038	0.558447512697917	0.744340198629965	0.705553983016519	0.820834084270544	0.800567998467439
0.896087006248834	0.97602712683054	0.928607219391369	0.928063395643161	0.972045886869125	0.821380577975641	0.804142432278896	0.801443524807654	0.817856743617226	0.856726864586185	0.97047811722708	0.908131097221127	0.842322057672061	0.908940812698623	0.723987837024426	0.780020707822633	0	0.629608095433125	0.70755319749132	0.823251382993003	0.795199203246805	0.808502447450721	0.780393565213004	0.844600536548617	0.790267811249332	0.862053547205689	0.834439279146843	0.9734095701447	0.989324264924147	0.949903100064228	0.81042419586194	0.955330083105211	0.793038815725936	0.873290547833449	0.884215912757538	0.902367623440508	0.891995306138008	0.994281751864121	0.712313709729625	0.918471468769597	0.920890069308791	0.924822473665528	0.874537893625575	0.981043421283382	0.884385856533551	0.95881683614081	0.943086778069117	0.997726795011947	0.974278717662498	0.917797720159687	0.845567521101423	0.884836341085487	0.906406771666425	0.890776615260349	0.984655584218976	0.954605464071476	0.917850868808781	0.96742664757021	0.948088125078663	0.922662755325018	0.971297668387474	0.820007762393058	0.807564362365359	0.828500887040589	0.891478093745463	0.825425565261814	0.979071607259741	0.893818857686432	0.88582683682077	0.984581016868698	0.793143408355504	0.755703572445986	0.785477148029467	0.698779782542097	0.858366694874257	0.788021741406277	0.831231860571759	0.78805952163127	0.734496163500273	0.814177210276454	0.972113869280006	0.804912553799826	0.89595968421469	0.765556150001119	0.815907810707223	0.9909795173736	0.994268196869907	0.999335967760505	0.904895404050475	0.752269642747639	0.788956764745698	0.830627292915352	0.819798211981839	0.993204734422622	0.869265366853896	0.884785154965306	0.867881949227197	0.942463943603611	0.921952722124383	0.950191674649466	0.971739248019586	0.944846129158366	0.87626012750756	0.940980545840889	0.937757442917038	0.981118179915103	0.99389932294694	0.923336910635286	0.877752065205869	0.918077562960724	0.905492421205176	0.958558506360392	0.956198607261915
0.843055794390806	0.969933267267134	0.910979448693423	0.88389675988834	0.928065935623944	0.580863969316579	0.652263687602301	0.533379605800535	0.675668896763638	0.632742762134082	0.957017806780929	0.884711773619346	0.719381039301988	0.890914981029256	0.604426490199044	0.588686171065379	0.629608095433125	0	0.455854844562159	0.586793297192411	0.570181898723652	0.547667376630383	0.587489520455114	0.607286672345062	0.581237345010927	0.810842878328671	0.678341864880215	0.999233539944341	0.999947553140078	0.95907399884201	0.78212718833433	0.899867993148588	0.682611112439119	0.762445916529087	0.752986410104351	0.862377396457507	0.860260072465864	0.963783308310637	0.636641873055224	0.790065698792399	0.885175356408276	0.835592973473395	0.797006132057255	0.944374915621179	0.788482184176751	0.893518630228935	0.855057215444706	0.991970293251951	0.901267778038637	0.849554749085362	0.721720340344778	0.710029678480847	0.83155561627123	0.825694702298688	0.925828553116854	0.894608299673072	0.919655564178265	0.964483927180171	0.890715217617455	0.859221248315606	0.911314682365821	0.532995157523409	0.678271071389001	0.540740438958365	0.761763878706771	0.604473856433912	0.986876281505758	0.882296224496483	0.823500240179808	0.985424972555164	0.700047081596405	0.49088099196513	0.833430819305518	0.265734359889259	0.757639832319943	0.681730677249902	0.574806282105783	0.481552246334079	0.490302378936338	0.644356044212673	0.983171443647827	0.661820743390172	0.792794398870535	0.54562391483945	0.717882772015601	0.998513666478128	0.995104100780708	0.991923131597335	0.867111434839222	0.78874705293034	0.722215278518588	0.785328494182496	0.776225962933915	0.968406294064971	0.770618373722328	0.798014269944411	0.759766872569865	0.8145980901305	0.857770574851016	0.859213177156917	0.94240905878627	0.880798450408828	0.810102055479849	0.87003531838823	0.869306280785481	0.925966283311965	0.999744092640822	0.941721134657258	0.723580281862857	0.830408913702458	0.819808791624907	0.908473206785843	0.910722614915167
0.88167610339569	0.979904362791236	0.929755101415766	0.952270088731115	0.982310649678838	0.709001111542531	0.727591370974425	0.539581370148842	0.627981879212792	0.579084114296152	0.977744564230162	0.953308358700237	0.845529414162159	0.913344292164983	0.764584338578432	0.678930827826278	0.70755319749132	0.455854844562159	0	0.505976653076338	0.678755908215399	0.492334228653406	0.599909906213178	0.716049018949193	0.581932715343119	0.699373315496258	0.573280837968215	0.999333952544615	0.999754160265626	0.97476956604016	0.827308893430667	0.910404852064069	0.719967911028515	0.665657747411397	0.740770223201645	0.936058483369264	0.890169048443129	0.969562919829231	0.755453681011491	0.834152882406845	0.857123562807096	0.913290009079074	0.742303518706007	0.983610409699035	0.835540941215994	0.932099134191866	0.899987515053781	0.99404171051247	0.94564935055831	0.916362812859963	0.752127207300611	0.745738096808152	0.924641262680234	0.918727632135417	0.916561010068771	0.932515467776224	0.926657686050137	0.975960311662231	0.907733095363313	0.930704249794905	0.972873752237901	0.697918457110493	0.741095709190366	0.510221400854215	0.631500020984317	0.60564544159491	0.994068014070789	0.966948863313388	0.91929561807127	0.999700097838533	0.829948095188788	0.606889348225424	0.83455679206965	0.460640827869161	0.828443395351469	0.526357273476003	0.497811256529896	0.572562672500592	0.470534048611483	0.658115744865058	0.981349893912252	0.757120542037463	0.801050757268327	0.57000301266606	0.562474731065107	0.999999999835931	0.992979970635768	0.988527393971478	0.929997803796276	0.85411578147659	0.803066666566368	0.822117667086322	0.783436218342401	0.982560349131018	0.836041308053467	0.832868191006101	0.782923830547587	0.771840403509764	0.918512176480063	0.810223149544055	0.962126383809091	0.943065291609954	0.844074657684551	0.888160400650229	0.885794470190631	0.94617636256642	0.99932776738584	0.977927503506008	0.699246631626179	0.925062685469869	0.899094996769295	0.943299295063103	0.941564765527298
