0	0.512787270802538	0.728068098776331	0.859269080638455	0.959422185495713	0.997837841298215	0.975849490075172	0.97496243085369	0.982920552081186	0.902578297938414	0.989790098976882	0.959220548102461	0.920026893013099	0.99198492323759	0.90247400832394	0.994931151253565	0.99965150794636	0.958256366086062	0.989334791382877	0.973474214625569	0.89537648424073	0.947271584432807	0.978511280746581	0.970962331683372	0.96224553901247	0.991084728791058	0.908985384295445	0.954856286402388	0.999542900965314	0.887138965522187	0.926686288284715	0.99342442829061	0.926968103008477	0.974653650684899	0.917631722145916	0.888234957248873	0.969181149046321	0.998411922886604	0.966723538063115	0.950613340064555	0.968247848464547	0.894800499531716	0.839890707216284	0.968145295280845	0.955966292932949	0.926403179100676	0.988623040956435	0.949443233110454	0.9616032628795	0.942968334449224	0.95610095307046	0.872246364527705	0.990891581600998	0.834568188838533	0.957918187092408	0.992131152605242	0.372612534655941	0.592728513426499	0.718439704897057	0.878968409104196	0.916380290654724	0.999099218214174	0.98715642738017	0.9635218215609	0.987118296763731	0.891061193669181	0.947135923757948	0.92937364504018	0.865125775024313	0.965030969409876	0.949567936486196	0.998793307698095	0.955124196204116	0.900898158372152	0.887603979178757	0.98258244616845	0.987122370338758	0.876630141286964	0.904975556851806	0.897336087928716	0.954631841974561	0.98042592879889	0.973539474393747	0.945151676786243	0.886977126642449	0.998066403899068	0.956929448233412	0.999908720408309	0.807024250460284	0.929856970237262	0.963212100203303	0.905877875193453	0.92014718016893	0.942539938301137	0.934425117984424	0.849681138348312	0.972815049277593	0.896336873004856	0.864896320186675	0.840560029884027	0.999560070328818	0.930989767373555	0.951382212216338	0.904682463697041	0.999909632904398	0.923590510876679	0.962494470615584	0.928353041603772	0.815645064110874	0.977827457056652	0.886901907074887	0.985969530538266	0.986868148459254
0.512787270802538	0	0.705782097694613	0.740652614514821	0.868933810783527	0.999306918557606	0.951225657510179	0.952499395472095	0.974647991608059	0.868033891167056	0.928672376281398	0.847415046379768	0.903179079326258	0.995198308506052	0.851319383604556	0.98036392201355	0.999828950781934	0.963033877586267	0.985381673797128	0.954053536217575	0.900887213878607	0.927226166616275	0.979823155693778	0.973743084397361	0.980901903880046	0.99186227256747	0.908656597569201	0.930287867732343	0.998566688468949	0.86489135659749	0.933409313041309	0.996266250954204	0.940830386923131	0.983466509601591	0.915364591746215	0.910972561757776	0.978317910938261	0.999928664942961	0.974477369773707	0.93781047055961	0.982344887344715	0.915731677739719	0.87996136243341	0.973607837555006	0.979710334940928	0.938900932540686	0.994888029083596	0.951201877862816	0.976359837939106	0.971944401764607	0.980963479856651	0.924243895666328	0.983522096187767	0.851231520195307	0.927602695464509	0.987289450857782	0.515601014679912	0.293511120102742	0.69625622050868	0.737167764976986	0.809089903693901	0.998120241459558	0.968162544242917	0.924132712826984	0.985085139187413	0.854378457141518	0.822444794417598	0.866175201543356	0.759443271317382	0.949923480575052	0.91124001451195	0.988532081242991	0.920980384995099	0.889175548426776	0.883604639725751	0.9813458075769	0.98761008780066	0.882886935228681	0.873269938444933	0.940434860916172	0.958694177729102	0.973918234466976	0.968873561878821	0.96229299487422	0.899177667607328	0.994012716103948	0.911334592289891	0.999186289264486	0.676398704146014	0.914339939471035	0.938006797963489	0.894149619491288	0.934923680719712	0.960380353444837	0.959612471958898	0.897532548268915	0.971251346270992	0.909404628805083	0.883311935856565	0.87038828887123	0.997642149386144	0.952462754826533	0.971860503071391	0.924387342802637	0.999999705077221	0.942176771999376	0.964105970247261	0.954243205233214	0.853823297039772	0.988764036213432	0.89455118884205	0.938137711625089	0.960305184828938
0.728068098776331	0.705782097694613	0	0.786983336655176	0.687175864068927	0.985602644083594	0.99376720699235	0.980545419622128	0.988553125322114	0.929611651577539	0.974664851475828	0.878619545436513	0.969934960678784	0.99991859899622	0.959302645528282	0.999962386712628	0.986223758737027	0.90400390637055	0.965674793402577	0.943499266705071	0.793281451891765	0.911044382477854	0.920588652741235	0.930310367863935	0.972492297413056	0.972289156967532	0.902266086870679	0.991986409848535	0.984198450829929	0.96254970282819	0.930463435205646	0.999944264743788	0.98128140229484	0.980560493756988	0.984821243040367	0.984160809210082	0.99192855307473	0.999943512441788	0.99634969596658	0.918090893809359	0.994955094253779	0.915479783324233	0.827897127727686	0.999978645150419	0.993999525062186	0.978811401922373	0.989483577119484	0.999101865491443	0.995670222148288	0.990101150420708	0.998681269545645	0.945794441462852	0.952006149184074	0.862724848869879	0.957784113824345	0.99696630189795	0.736909189114334	0.713575754818755	0.337943760426285	0.776147982513146	0.661497512695143	0.988170349162195	0.998712535558391	0.977986931553211	0.994925966597082	0.933543879185988	0.976422346099034	0.91540086914216	0.891105085732911	0.956620759713901	0.980396022947815	0.993831561809187	0.956821664779866	0.925602744965239	0.887303977476446	0.966778035620295	0.999030238406503	0.763907246052119	0.892897790209146	0.912941092739651	0.972668488606901	0.938432498543428	0.921156714041002	0.952795313155625	0.877197964434818	0.995827143418422	0.983312873601241	0.978784417312799	0.848630732004965	0.947931898793843	0.988605959155722	0.913375019841282	0.991277724671773	0.99561548055627	0.982269633234989	0.933347630148715	0.921581366963648	0.926847830242754	0.872581687951105	0.772887609829363	0.998503073945362	0.971278446725391	0.990767681722015	0.962768421168761	0.986145230581545	0.981519678587609	0.997260937593331	0.944270023631059	0.912732953277247	0.999911859309183	0.927437167013488	0.960051188890477	0.998738084653657
0.859269080638455	0.740652614514821	0.786983336655176	0	0.62156123710713	0.936253019145796	0.772818946726948	0.729105472632052	0.874356753172527	0.74596829063556	0.975597315874973	0.774183078619027	0.899337814753621	0.999973365830191	0.854350714633254	0.982433100978142	0.9998396571965	0.951303070544451	0.951477076007185	0.851839834699866	0.925828274882257	0.920516024701812	0.99929709221712	0.984226686396649	0.970508318683274	0.992726534794777	0.927832256189812	0.921512306886872	0.963706382954867	0.959790298417466	0.944497975366968	0.999586358490863	0.979428292711821	0.999213533957793	0.933673888832196	0.964800893822008	0.942015398421257	0.985819599574093	0.981133369270054	0.912119883296814	0.989038266985189	0.73943263891097	0.841292003576988	0.927400053395866	0.972674100910996	0.871358083509512	0.945803792474299	0.887882874659973	0.955900481720526	0.981293053742438	0.988196189490859	0.990727078982985	0.886939676948152	0.707139409602375	0.801587767190732	0.865711463210954	0.859517823113597	0.745636210801177	0.735597139522343	0.443007446016054	0.602002350071538	0.92342033363144	0.79645820704337	0.715751218040045	0.986278548891396	0.699921261251494	0.875404515141503	0.911642125777018	0.843484184502307	0.978080219437381	0.896606906524539	0.994093056740171	0.962344155299359	0.874674606865576	0.933815226971999	0.986500677657928	0.97294669312843	0.878835641424634	0.911790712226147	0.936642546768082	0.979812741864607	0.969999495884854	0.993861793618399	0.970512582361831	0.933242803124725	0.967717193363018	0.872493545035112	0.980419424497664	0.846757220757438	0.914043188325872	0.96713101255561	0.962668106328838	0.969678027136867	0.947721265278922	0.954396810931326	0.917685455182338	0.990749635582181	0.962804480968133	0.786568109509068	0.830207301037004	0.983665357303643	0.909408213589114	0.914909665659668	0.86319089340784	0.969637025291795	0.883092620709088	0.915064217850532	0.948018460762289	0.944842138358406	0.943121745730991	0.748368649566778	0.773688460420427	0.785855643875989
0.959422185495713	0.868933810783527	0.687175864068927	0.62156123710713	0	0.995468003642966	0.925316261326682	0.894811609615486	0.969012307339428	0.912660269109844	0.963814126102788	0.755326558401641	0.973467821035859	0.999389912116935	0.951807113517266	0.992823363159391	0.989264787643125	0.938258352749282	0.960240700961692	0.895000768133296	0.878718315217771	0.9249829868486	0.979556987486997	0.955899540996791	0.977972453052008	0.989930470220724	0.937896033406824	0.995345717224634	0.962414851563035	0.989366063757024	0.973507392905686	0.996784321671915	0.996477496759354	0.995988516472657	0.997065633601909	0.999395070768883	0.988568019334212	0.999610174547003	0.999764551834976	0.930268432582062	0.999972390479369	0.894173260154495	0.911770189810974	0.998111561382179	0.998643068525152	0.977085399662915	0.977198320840116	0.99072530886846	0.99805485559055	0.999303225331977	0.996763869155807	0.999987366616456	0.928784545893276	0.88415806619677	0.926093214677117	0.949022159715953	0.956914371630803	0.858994704224972	0.647317178905457	0.589738879182755	0.309770157051253	0.991789551054846	0.94041310659811	0.900771588252262	0.993915765918476	0.906083806814155	0.950916565907546	0.915267537639841	0.90323506631667	0.97127715173276	0.965714770970928	0.999919251433872	0.975275486894521	0.92970684166618	0.925946095825166	0.979493397797524	0.990726752501852	0.837793559809533	0.91418746607546	0.95665647715959	0.984975822593751	0.928599196221044	0.92611904954852	0.972809398651319	0.924729839084976	0.975446515138805	0.979719349994032	0.962878017304621	0.900955234666503	0.947379050787133	0.986601761072782	0.952242100856294	0.999244894265504	0.99844100343736	0.993882717140143	0.984406581076584	0.95191722370563	0.98272932083334	0.897204355536402	0.870677147324008	0.999196381231483	0.984770022038944	0.992869170374723	0.969663724901999	0.963259813043599	0.987828394133212	0.990077092980796	0.978998782359787	0.990745062425509	0.999994614492875	0.931897155516732	0.88536441248695	0.934203464576576
0.997837841298215	0.999306918557606	0.985602644083594	0.936253019145796	0.995468003642966	0	0.683941994154594	0.657599300951742	0.94144496508391	0.816617294474676	0.952998618648956	0.946582245522194	0.915823318638205	0.942008967233732	0.844254071849519	0.802542470148734	0.834901665346787	0.974313161078394	0.885350113094904	0.853297560404024	0.989057712441866	0.917623558785262	0.983996795595102	0.978496407507345	0.962638162497436	0.974090808395991	0.99999519460986	0.949466209880092	0.983500536777175	0.981361725317202	0.968453656459042	0.984384963952413	0.86043661357248	0.986609272052676	0.907646459448262	0.985973001959441	0.992980383913886	0.997222522660117	0.955816995117607	0.993556991149821	0.971859544724999	0.974711020242153	0.996649663947432	0.960432896277258	0.998178311254221	0.972228614927894	0.998525923051736	0.880051502079025	0.985248331733132	0.994366104579961	0.969238660217861	0.989384037852937	0.962281077390376	0.980058549069358	0.925138925823308	0.744488589567564	0.998902605593796	0.998999761471984	0.997380197117831	0.929167404254745	0.998454045791697	0.489289826789611	0.647657415502493	0.73184620666912	0.97593340767804	0.787744979721085	0.853871692356877	0.939311291474391	0.934088793084812	0.944292289900166	0.799410210873725	0.784603942060068	0.930759799180354	0.884596219572059	0.999717299992354	0.9407922193607	0.928485623523258	0.977368306752289	0.929430339089346	0.999522545469544	0.995749152529746	0.994022873138554	0.995369567759272	0.996716407140032	0.999835835265942	0.945239681302908	0.922250743802338	0.996719037111376	0.991308486293345	0.979995495591611	0.897643302477952	0.967151784586501	0.963892713569331	0.987781340277713	0.998638396889279	0.967566580639201	0.956657353745628	0.999831351405645	0.971673904791757	0.990758462562441	0.976310036199825	0.98123830163058	0.968591757367747	0.98243422055653	0.998952600572787	0.949153148873582	0.96016319881532	0.999999491353411	0.986693882754508	0.881527531701359	0.958854365734464	0.941207315087409	0.639825136702592
0.975849490075172	0.951225657510179	0.99376720699235	0.772818946726948	0.925316261326682	0.683941994154594	0	0.460432994769857	0.931076956165095	0.719794436077683	0.986742570994108	0.915376063002245	0.926291120848556	0.989260805081992	0.863558066818636	0.925893953034121	0.964321541512063	0.971635214522125	0.930116931604827	0.818085514196777	0.999500010509928	0.934733036390316	0.981344600284842	0.99687710025487	0.971460373867135	0.969391463666072	0.985494434712617	0.958144278831672	0.981710693897107	0.976785716389764	0.958838657205779	0.992769645643167	0.935914484436451	0.996696230864258	0.928052508980173	0.970067335953519	0.968086777617167	0.985276978248877	0.968396144198137	0.951390832706844	0.969855702213587	0.913647328520121	0.984141217833121	0.919382719832116	0.985420096870039	0.914321487717213	0.973764699113316	0.864133532991475	0.977107073602336	0.980055867155203	0.961381945028201	0.993477000123673	0.950445664378937	0.893273251824959	0.893883076691424	0.76010448000983	0.984977702859597	0.956844315673567	0.974311130209045	0.775541456112182	0.925003352859023	0.615360580026759	0.281281742064351	0.457164056193905	0.975543468790896	0.662800594327874	0.871206867007884	0.943879526429814	0.901112620061123	0.990688045348064	0.817930955802657	0.907327992509462	0.945116981567356	0.863682403089716	0.9726249137042	0.953003414703725	0.941432359361022	0.9991787202986	0.923826985268966	0.99710068994677	0.995517960440159	0.99905218294073	0.999944420764386	0.988935855655524	0.991776149858629	0.956370937362247	0.90991338003795	0.99789887403247	0.957162582369145	0.952154421913829	0.938004141255491	0.978796068929131	0.959996950394233	0.962538516509542	0.971699899720138	0.952048037114743	0.995157835775257	0.988699669557784	0.932016316218558	0.993888833228303	0.983139587573175	0.965466829337203	0.949762115490291	0.936536881953668	0.99720613918552	0.936985879696178	0.936397471990933	0.987440280318063	0.975528500532076	0.878749017252092	0.872894490431132	0.884867157561062	0.680750454051691
0.97496243085369	0.952499395472095	0.980545419622128	0.729105472632052	0.894811609615486	0.657599300951742	0.460432994769857	0	0.864318584948482	0.622030274227562	0.98064398163181	0.876042517429698	0.885927500595657	0.976426799672403	0.824501368896194	0.916879157119977	0.952181223885198	0.923032592629515	0.838569421547109	0.703566446520288	0.985379042253939	0.9034016963487	0.994007464860277	0.998397948120595	0.943461103200707	0.973601600262176	0.978341982958098	0.93909837826684	0.95951547423146	0.968278000421476	0.913640847486187	0.98330812058209	0.931583594418667	0.986704712380892	0.8837189299569	0.954107238523377	0.936027119677659	0.972609378823362	0.956804319743659	0.918164625714978	0.953624053142399	0.826986590020739	0.957394055657796	0.903675509847016	0.964800933526368	0.885366501119842	0.952735129981908	0.846615813817694	0.949630083306232	0.975462777715534	0.956308186949315	0.987304131887964	0.888084589325018	0.83961443885571	0.837456359999281	0.681914236845356	0.983175090040273	0.95706496771928	0.960692877324565	0.7367119123883	0.893191507471015	0.659236882060122	0.493001237572231	0.376274317640868	0.982144304680076	0.575928322089448	0.867095080369643	0.932905032184514	0.890138381878744	0.964497953925779	0.826542465863478	0.929028516201355	0.957772786896069	0.778743990191719	0.983192942052568	0.914677964304999	0.914877303556134	0.985250321259584	0.908051929044047	0.985026690358289	0.994230393454311	0.989293520891176	0.999441799472623	0.977564557058819	0.978874658960017	0.913621108164062	0.892692194379856	0.981784392500655	0.95005611957326	0.912393075872766	0.944617040623641	0.975790356190941	0.967845342468084	0.933446670461646	0.947571225365801	0.923884862594691	0.999707400562781	0.975183576411974	0.84277802016366	0.963225943650929	0.94946325435991	0.910850631420598	0.898812628819654	0.896756959608859	0.972023605831412	0.886157719215826	0.917481971011321	0.96929833948615	0.957320351290367	0.843471572076154	0.808466405069221	0.825195663431033	0.630882840854977
0.982920552081186	0.974647991608059	0.988553125322114	0.874356753172527	0.969012307339428	0.94144496508391	0.931076956165095	0.864318584948482	0	0.856940147132772	0.988689490890462	0.949028684545737	0.972747289599502	0.997488199070773	0.959778988248534	0.966095743447812	0.99773885532262	0.979778723706607	0.951786653446662	0.89640556408035	0.998164171045015	0.956439162272959	0.980429396740983	0.999999101807394	0.989376666339864	0.981239577318806	0.976771970219157	0.962629142318941	0.94522029951678	0.998993241815833	0.990034865673986	0.997106618627979	0.995336427364509	0.999653323259623	0.963349858802045	0.998442951491578	0.981398425314496	0.988648809162212	0.99327528581739	0.990172462570061	0.994763872139502	0.90850601425449	0.962229374284607	0.965948224369544	0.985373269991291	0.945763513973923	0.952599252895312	0.930901461856863	0.968195991302434	0.990452351014939	0.991354534513443	0.997421756911416	0.917782074712885	0.919621816915113	0.850100443193588	0.919293768554715	0.981206772402159	0.982373600397945	0.982304037754685	0.913780989479146	0.974192037823799	0.957140245578836	0.93559691656598	0.89868808827635	0.999606649213209	0.882839760278093	0.974910046365856	0.976756628089763	0.973981657911138	0.967632798551872	0.959923536761487	0.991269864031849	0.991728501831481	0.9376814599893	0.98562390772769	0.99862350602673	0.985276163951496	0.987472850706201	0.970532680038522	0.970665974706061	0.998814275299798	0.997260603660323	0.997428995948138	0.993122951637079	0.982621558650104	0.970872559747586	0.960973043413308	0.961014936120417	0.977702555017929	0.97507931135002	0.992162896494543	0.995049007050125	0.999998505224314	0.978702451773316	0.985458797056954	0.964139982774064	0.999619292962047	0.992464279397139	0.906822821750323	0.955365482305604	0.97491697208801	0.934702410882385	0.934229862126214	0.935100484044328	0.956896306992971	0.94694910927021	0.925921966871713	0.974279713022823	0.981367886352591	0.927991693410266	0.886943351976771	0.862695244114836	0.889890895109497
0.902578297938414	0.868033891167056	0.929611651577539	0.74596829063556	0.912660269109844	0.816617294474676	0.719794436077683	0.622030274227562	0.856940147132772	0	0.969230032827999	0.872486486408268	0.886815607126806	0.967243891234949	0.848164019776803	0.927890079611432	0.985200508196583	0.915880142910306	0.899159343674664	0.76483277153783	0.970733905906892	0.890979625758186	0.999988292312306	0.990272229989173	0.91500993214313	0.987311530428367	0.92892818824496	0.923601446100336	0.975775924158466	0.958925403563052	0.883243123370208	0.960603136693204	0.880310341654546	0.974609825511973	0.867253058293931	0.960224233383594	0.952924892545002	0.959761900804595	0.926089132946911	0.936595379072393	0.929359108062409	0.84477626024314	0.933827182140169	0.924558226812305	0.961997400163579	0.906126568591579	0.956645231390721	0.88140340540893	0.963344350318347	0.9792447405141	0.959112610380619	0.96125017656299	0.927371552063973	0.843707955602782	0.866930537130665	0.74686986490157	0.907237270601309	0.883720959415989	0.892318426293088	0.751971321192651	0.920782415357193	0.835999280152074	0.78798037318139	0.716309769464947	0.98381792014299	0.406990703573492	0.865114301143447	0.903346350647699	0.874973009523994	0.938142982014231	0.857778310451971	0.946144221264138	0.927154172730978	0.76252999403914	0.958250836117804	0.961341646560249	0.937725888736185	0.969610745339981	0.860374038137672	0.957270042317054	0.97747233457124	0.983836051132983	0.991176039624957	0.948582445525368	0.923906803230686	0.903452579800842	0.896335078067604	0.982528032792318	0.904854202846736	0.910689451671458	0.922853294883919	0.922635314220162	0.941603756427595	0.948179904177566	0.95477483204903	0.862745670971561	0.993645318920688	0.963538991754239	0.834689551787573	0.930813016714789	0.966063874118005	0.901046765387664	0.887057149822506	0.903328709533073	0.969728473945326	0.878727618911575	0.935754487826697	0.959469510600186	0.899275017389769	0.860839827456917	0.842616255496606	0.868080929322673	0.66944858314767
0.989790098976882	0.928672376281398	0.974664851475828	0.975597315874973	0.963814126102788	0.952998618648956	0.986742570994108	0.98064398163181	0.988689490890462	0.969230032827999	0	0.766818876329732	0.862669985952141	0.936443053488367	0.77893234298436	0.853730325896281	0.946557154714881	0.997807809937333	0.989228171498473	0.975736916117286	0.990124550055638	0.950043593480031	0.999253800423865	0.981487931432926	0.998722877577581	0.99269376823092	0.996659735394805	0.993832680139642	0.969373724112065	0.890490962429386	0.927909187101029	0.98333291514545	0.861403910613029	0.913643933140644	0.958558797271585	0.973993761147926	0.9980146556926	0.992296046987738	0.958869402213992	0.999856044802196	0.997485292707719	0.998161349400171	0.968417815593472	0.999555785588408	0.999925171077318	0.999729519816202	0.990488159977362	0.965967563271496	0.99969054717376	0.996490406083963	0.991980594647429	0.928078061114658	0.984046321089119	0.996501613596354	0.946983026625577	0.980169962663382	0.972619956328306	0.915306029624545	0.962994825392718	0.953345426478269	0.968457484953291	0.957878934996502	0.980910708112169	0.984586936051925	0.982816201403501	0.973384821864631	0.671107856958941	0.756687653892158	0.750665536748722	0.853704374421902	0.793936817248136	0.788816783435951	0.800057160473426	0.96504957484581	0.991210131584942	0.966906351682002	0.997234130752103	0.98301860007568	0.94013884069283	0.989127216670447	0.997096757911903	0.999411638184209	0.991987819419997	0.997926974447345	0.999905196683252	0.960553169517688	0.968789109913631	0.973971344215733	0.866326633724296	0.980222039341839	0.837800754523593	0.865250798434355	0.998077095846329	0.999935272878497	0.991349053653852	0.991418896300331	0.997986890750291	0.993316450420813	0.997240448703349	0.983510667899316	0.999998407564675	0.997735170625016	0.994144492557514	0.999621390249411	0.99177437473589	0.999921906635967	0.992108388607388	0.996705534879351	0.953869463760099	0.998552978906293	0.998475837508575	0.928414324981624	0.966085800335423
0.959220548102461	0.847415046379768	0.878619545436513	0.774183078619027	0.755326558401641	0.946582245522194	0.915376063002245	0.876042517429698	0.949028684545737	0.872486486408268	0.766818876329732	0	0.868449634559395	0.983404916568335	0.850230633296299	0.875354619768134	0.993737236008023	0.969647882545776	0.963068174395529	0.898566635885911	0.975955421112202	0.9075828417439	0.997311861525606	0.994061057814417	0.992825539010161	0.99490716499126	0.979264351128335	0.980127826860583	0.95437381279244	0.903159853404512	0.936039002010408	0.987721129509081	0.927560630952301	0.957927357616572	0.960132028386638	0.971802761251853	0.99543866420767	0.999769273891632	0.982096970158678	0.95386214216052	0.994123941097246	0.940153228463148	0.991161798320663	0.986762649768774	0.995516063671251	0.980825874989744	0.990977278832705	0.946809220953483	0.993392395138983	0.99442703755871	0.996286470911441	0.980443596747892	0.860572399563414	0.902616176731759	0.772769273042692	0.927024500805704	0.937039219086826	0.830803851348585	0.846090021728848	0.723873704435112	0.751429659875182	0.94869745115905	0.915461324231295	0.890761868152536	0.991071635454891	0.889994704081844	0.765962932263141	0.61243604176644	0.765412547083785	0.891581025193573	0.870662764466566	0.934382529363068	0.914476277568835	0.913993484770238	0.958442279870326	0.979836831268428	0.9930841751416	0.977742904670516	0.891462274953378	0.991550255531877	0.99012703071189	0.977653467019447	0.96922945600516	0.996018817307218	0.970097941808847	0.96917963806393	0.930069938750057	0.9586778774111	0.815298709522421	0.960382077705302	0.891367224190753	0.880545253343404	0.999797330788896	0.99372889653029	0.99938318289887	0.964464096991613	0.990842594264302	0.983378806553287	0.889994566715884	0.975833056566362	0.990968168539152	0.954295641412748	0.987950308890023	0.966946740832585	0.992529474898952	0.983149559814183	0.984783472395181	0.979132989519112	0.955124480639124	0.959633672020116	0.907319661425869	0.775090808033686	0.851811560847245
0.920026893013099	0.903179079326258	0.969934960678784	0.899337814753621	0.973467821035859	0.915823318638205	0.926291120848556	0.885927500595657	0.972747289599502	0.886815607126806	0.862669985952141	0.868449634559395	0	0.963738827395268	0.582348179355646	0.895984860942984	0.923340897948583	0.990974768902341	0.969497521413157	0.945550525773899	0.996808827975958	0.963254660018141	0.999962281871719	0.988759794389062	0.955352897695649	0.992846624821314	0.976427276295399	0.889821599878136	0.973211700986727	0.714093282269089	0.587979599375181	0.841816752163417	0.832870916047474	0.966268713781675	0.813658416096516	0.833714832601892	0.922634070390343	0.945033344497469	0.707200354752634	0.939353910908552	0.823626512943996	0.82775879713267	0.977458483552509	0.972487121558725	0.952600494710335	0.968586224611906	0.997697677422349	0.905437211572923	0.964222796642316	0.982900314439783	0.908180312289479	0.898744268813404	0.977588410870945	0.950268760845962	0.950859404176483	0.957662329537933	0.879466347749909	0.887079519173727	0.95306934084536	0.908028040561968	0.9543713429985	0.920762173973273	0.922800798862751	0.883488123263807	0.985985475259523	0.867763823538912	0.834028621765728	0.898892445520727	0.618615110399778	0.933725386505196	0.805896877596592	0.875413809816302	0.943616740082081	0.917856783342728	0.996095623068059	0.96294785473875	0.992344766751677	0.98298639801637	0.934141957130706	0.995086000864827	0.956608554659158	0.963824024050112	0.991652112970537	0.980677701773165	0.951023168855113	0.910039961084406	0.884430497365326	0.985914434260276	0.844465228769051	0.745070937298201	0.791446419394468	0.957239888204083	0.945355886520464	0.947578331059047	0.964093414221021	0.893829326891394	0.999193602780466	0.947603027512714	0.810270156646958	0.974938351172846	0.99557190323936	0.982622300017122	0.978554254810962	0.975691404580747	0.999602909947808	0.913436327153958	0.958876988964935	0.980042575094285	0.937181998574237	0.964650653118458	0.942489065612589	0.970074607906872	0.919222158922846
0.99198492323759	0.995198308506052	0.99991859899622	0.999973365830191	0.999389912116935	0.942008967233732	0.989260805081992	0.976426799672403	0.997488199070773	0.967243891234949	0.936443053488367	0.983404916568335	0.963738827395268	0	0.908760658876413	0.868218526848541	0.878330113245959	0.809232279923661	0.86113944814525	0.918296810534137	0.96415465900902	0.841101563301248	0.860874263163709	0.992309544676918	0.982456934173915	0.951206742508777	0.994227018549318	0.978164193801203	0.999956471298962	0.862257740000558	0.974155639131614	0.996431226211791	0.833895471092451	0.845753922420168	0.97940648825419	0.997321638082525	0.956927249577379	0.936529661587032	0.995703383882651	0.970074794174902	0.997705406126075	0.990704013154718	0.975321309037681	0.98291364388963	0.983164181128146	0.957084158136045	0.921237850089508	0.999951526460276	0.979031959825153	0.980160211926512	0.992573760190976	0.947384218634245	0.99577362016682	0.989177413147988	0.997452267545937	0.991360725368905	0.991161883732229	0.999822748284597	0.999651111671128	0.998931781630383	0.997623544608981	0.99197506042388	0.991325680463528	0.991258484273683	0.997065302553828	0.97463934949606	0.960139813816868	0.91045157221298	0.954551620549777	0.871386432678386	0.884335298524755	0.922323384371533	0.952818229991786	0.851423736674988	0.999824714046604	0.898354729848138	0.893074587125143	0.997178199116143	0.873070771927828	0.981867800865551	0.893025957176164	0.992134465977535	0.947867300404161	0.998245696243325	0.999540845164328	0.96288395720876	0.963778777892675	0.999587485151089	0.962309326809354	0.984558525956744	0.933636294170309	0.839124995700542	0.99222748315489	0.99915084781522	0.987024650833343	0.99766044634635	0.989975198931307	0.998252156243484	0.998731649583441	0.992493053790555	0.994635664804997	0.99967506407321	0.983959090718507	0.985263158181896	0.953136853726009	0.996701470948543	0.999905475047727	0.994255444702093	0.96678446387161	0.999268746576933	0.992855741487818	0.999861899706599	0.966561451586631
0.90247400832394	0.851319383604556	0.959302645528282	0.854350714633254	0.951807113517266	0.844254071849519	0.863558066818636	0.824501368896194	0.959778988248534	0.848164019776803	0.77893234298436	0.850230633296299	0.582348179355646	0.908760658876413	0	0.843694642520604	0.811618832377902	0.942692554537803	0.891247528779457	0.864256810189703	0.994191166218764	0.905488583574524	0.998455998897291	0.999099630454359	0.980212052743492	0.994094500312692	0.989638961365358	0.863952259213381	0.972908912446791	0.810167052633861	0.783642346932858	0.958488254815302	0.794016090025794	0.938498292318244	0.849786959277356	0.88695066067713	0.971167652709774	0.996739637175855	0.874801521957737	0.975947776374702	0.957181500480389	0.907179872358535	0.993677347842082	0.960180301706215	0.975458136235745	0.95349012408514	0.999662618670958	0.869968304832066	0.962374402585291	0.97200083571923	0.953821774629986	0.917975642422029	0.981163547776176	0.93475752934936	0.941631122661382	0.918576102605067	0.862999876284332	0.844876108156763	0.93544404661702	0.848115481266945	0.941803311989661	0.855701982234322	0.86513588950302	0.825311282894362	0.976734698929384	0.826091347256015	0.663563603590122	0.860702355511519	0.585215867254256	0.843999179682286	0.595133141230453	0.804179313862947	0.883019153825715	0.79505676265787	0.990933388741951	0.909959588234415	0.956870443257915	0.996741907439276	0.872772681624364	0.988139319150471	0.937600878880563	0.994054511295099	0.999793980510253	0.993932969500276	0.972872890422228	0.945712766242003	0.846696305082001	0.989072867003437	0.84918881727163	0.84599661085898	0.772132177895987	0.908375800391568	0.953332697105023	0.96244709616669	0.984954846373676	0.927470308723449	0.998572654887935	0.971612776660433	0.861054776776476	0.994573631323084	0.998831511501661	0.979917740212307	0.978472225843227	0.959244586542756	0.995656809111302	0.93756547915525	0.937407394220121	0.979140734943396	0.924544728621424	0.959563362595406	0.921265099923145	0.933947596286936	0.872735244986225
0.994931151253565	0.98036392201355	0.999962386712628	0.982433100978142	0.992823363159391	0.802542470148734	0.925893953034121	0.916879157119977	0.966095743447812	0.927890079611432	0.853730325896281	0.875354619768134	0.895984860942984	0.868218526848541	0.843694642520604	0	0.87444119377034	0.960385180646395	0.932433305750625	0.89370921742208	0.997756835090071	0.850228330365964	0.990646823275829	0.993000851663817	0.955582877136764	0.979025437684082	0.997008368859174	0.947652442178624	0.976679281813813	0.923387859909748	0.972214953223474	0.964822204048036	0.817538144444677	0.938631871255053	0.942088879219852	0.993182020323997	0.992173451376792	0.979124844451127	0.974744141928649	0.999858341911034	0.988962682252118	0.999998871175958	0.992328837824188	0.996283729541603	0.997404509684675	0.994629004208158	0.990165191160494	0.964593334895026	0.997125415970652	0.999581780216704	0.998284444618139	0.946804153811501	0.995455218286909	0.997974121285368	0.969561961786831	0.951284708038014	0.988805733628746	0.984942872372732	0.997771831098986	0.966755147441356	0.997198769659668	0.881937950383812	0.911136058560832	0.937612262365063	0.990157783198953	0.924039943446111	0.852398233109349	0.79797007023164	0.842320026721668	0.860612688054029	0.801770240674937	0.661114654225554	0.911842486016979	0.90166061869286	0.997304864090909	0.937091182326729	0.92057460389471	0.999103361367858	0.82734048216018	0.98864609129352	0.957171801636714	0.999983268582842	0.972222142344652	0.974660538510927	0.978706892641934	0.940656771211235	0.935556687568688	0.974852989799675	0.943190369523116	0.963894539931741	0.684590558114877	0.807417328668153	0.984979058676883	0.998910827469303	0.997291881491762	0.960851767773304	0.997934349441537	0.990156272111299	0.979010046362866	0.995631902158545	0.999855479882974	0.999525134807843	0.999512926354101	0.99952785117933	0.996057693330205	0.996227953625616	0.974580065859293	0.999481910955577	0.939304326151168	0.982768291951997	0.999971480301758	0.983650682835457	0.892490164822487
0.99965150794636	0.999828950781934	0.986223758737027	0.9998396571965	0.989264787643125	0.834901665346787	0.964321541512063	0.952181223885198	0.99773885532262	0.985200508196583	0.946557154714881	0.993737236008023	0.923340897948583	0.878330113245959	0.811618832377902	0.87444119377034	0	0.956123015512519	0.887340297580847	0.953638119305879	0.992472986354062	0.961332844907331	0.998801966687567	0.984248596244091	0.995068533606783	0.991212882255719	0.992919732873065	0.952057217899547	0.999836846239555	0.949282829207694	0.962167874864299	0.99912261903688	0.899318482895778	0.961640318563683	0.952511527062776	0.964473818178718	0.999743840125787	0.995467062425208	0.975086584524817	0.997597056331194	0.998946743390768	0.999670286682332	0.990702578393056	0.990575150335029	0.999999981742761	0.997132827372567	0.984882140326636	0.965080152494322	0.991103957409883	0.994173174236374	0.989969223436931	0.980195468238715	0.99845813181008	0.999290254811714	0.999999468941127	0.985086773878094	0.999929478359502	0.998855238905056	0.990079374007865	0.996873316724595	0.98608644536564	0.891103284308011	0.959927983947056	0.96044386029707	0.998765612309262	0.974502456081259	0.930000227886541	0.974682523944315	0.943960642067595	0.939885896455316	0.826409070189419	0.822216244114267	0.974236769810486	0.912746855409395	0.986215635170535	0.905499384481098	0.965884603948558	0.960673019284435	0.952892822512295	0.999083105710963	0.96597957074891	0.988993995803244	0.999752525353688	0.99875050438254	0.999935866158989	0.98772250386819	0.929604364290214	0.998960983246219	0.992030432886223	0.981016855294777	0.918468601898447	0.983566428805493	0.984525038187785	0.984228297647259	0.999941274632786	0.994982434291155	0.975213265440942	0.999994830613131	0.995291260382906	0.974387608772034	0.999748366211556	0.999627828940173	0.999131705582151	0.998128776882995	0.971492178403673	0.990858982545875	0.988679693327075	0.999854373382512	0.990254949403657	0.991208453117838	0.998839075349905	0.996931274884177	0.97497086769862
0.958256366086062	0.963033877586267	0.90400390637055	0.951303070544451	0.938258352749282	0.974313161078394	0.971635214522125	0.923032592629515	0.979778723706607	0.915880142910306	0.997807809937333	0.969647882545776	0.990974768902341	0.809232279923661	0.942692554537803	0.960385180646395	0.956123015512519	0	0.571709363365101	0.727715130552989	0.7414729998044	0.727250228109039	0.723655330084404	0.950548368788821	0.934902573696543	0.951256435188075	0.966097810815826	0.990959272753119	0.998366899978152	0.95575288196198	0.963408853691471	0.999251191056489	0.963936869875334	0.917169796055859	0.98344079209146	0.999661178091512	0.994591947831493	0.981550731530385	0.99840061733067	0.985768096062515	0.998185938099384	0.980936412051121	0.960821971964657	0.99368178831523	0.999256989245176	0.998689801900676	0.99927442568312	0.997220445018458	0.99504797841105	0.999091404910939	0.986858260757666	0.986720870181983	0.973604018137291	0.993993823454496	0.992937380623064	0.995196565323335	0.958208589411804	0.975834926520425	0.929321172029386	0.943714725652222	0.948695666655144	0.996561813428264	0.986011604958746	0.952494397053773	0.996414146371692	0.942092120262858	0.985930650027493	0.950499575968597	0.965275096454128	0.862379471203094	0.954540766712626	0.996893034525034	0.984712492095326	0.630745690625278	0.982425098629956	0.802545871588219	0.928554622843703	0.893123601034945	0.802036521747411	0.874935560831837	0.873968957149217	0.971217188118794	0.822122429441016	0.957203909987192	0.943008027396319	0.987539624649063	0.979152266471387	0.991101906916444	0.971542903869304	0.961709340644263	0.982365603905188	0.914747409388687	0.989193642113208	0.999882834687069	0.999666094071416	0.983480058209251	0.970617214342267	0.981103253796768	0.938782099002031	0.94111660784373	0.996618685976104	0.994216935161667	0.998988663735351	0.997226995089003	0.995819276858971	0.990982288255104	0.999961190928408	0.993675524640468	0.978656593629174	0.999683654860893	0.994498598978578	0.990876483941379	0.977979564749403
0.989334791382877	0.985381673797128	0.965674793402577	0.951477076007185	0.960240700961692	0.885350113094904	0.930116931604827	0.838569421547109	0.951786653446662	0.899159343674664	0.989228171498473	0.963068174395529	0.969497521413157	0.86113944814525	0.891247528779457	0.932433305750625	0.887340297580847	0.571709363365101	0	0.705773590813075	0.894623053926351	0.72281900260109	0.887251238007203	0.967762801240372	0.906970800693773	0.990731403877221	0.9701603434016	0.973052849442502	0.989405094655807	0.961794438329935	0.933903762874927	0.999640141045482	0.94310910054717	0.937830857493148	0.970530307484845	0.998344947008742	0.999271308626344	0.996465847095059	0.996749385649985	0.975357452549125	0.99635345578321	0.975462651447774	0.983422795065098	0.999698937184792	0.998771612003865	0.998230167703404	0.998886558015281	0.995618564115968	0.997825256409764	0.99976784384174	0.99979469682102	0.986159090227158	0.972258429771496	0.990518923360026	0.989779832848512	0.965511350142898	0.981006932110068	0.986114296279294	0.97820710745164	0.951305013074088	0.968207416172	0.949657428857786	0.952012058581463	0.896262469700366	0.99771425773563	0.923167416517475	0.958040094262377	0.962244830661477	0.952227086944881	0.897071558727187	0.94287069077517	0.977083437328693	0.976513665557078	0.664356857216437	0.985526252549993	0.732512074268908	0.917351839342978	0.966147598809342	0.785737105467303	0.923417194961007	0.929731012170603	0.973297538615736	0.925642190834388	0.962507245012595	0.956035128523725	0.974405372110741	0.947563278795526	0.97901822937042	0.972541913061587	0.931136348808238	0.978242760329434	0.943057638484324	0.984144741933886	0.992953820185981	0.99480834750125	0.970728297869775	0.986389568583308	0.982608993901973	0.93412709621102	0.976481934607298	0.997140203079703	0.987159000493881	0.989051686470904	0.989626448817309	0.991315714403857	0.974597227100296	0.99247478375627	0.983847668602169	0.986214404429661	0.993939049952322	0.985947664706063	0.97764848933344	0.945384905954977
