0	0.75162227135212	0.85902389180101	0.998631381754934	0.978291984396549	0.980889851497175	0.988753618345718	0.999563251227461	0.993995641454317	0.990225388234453	0.901865195239829	0.984963629052254	0.850488131502132	0.914082880072442	0.887998094895578	0.954160808005798	0.956528061494342	0.989183431041002	0.997015664915154	0.998134058118446	0.991168955500623	0.993880119312552	0.983430799217494	0.995025238087216	0.986877685134869	0.996159743924917	0.992397838287841	0.996498070592936	0.975135610105857	0.871306382171463	0.85846443069602	0.912604168343457	0.888057150518649	0.944993642174658	0.948424603920234	0.987211518960615	0.910414907834576	0.997311395578406	0.975042358450482	0.948839100113466	0.996810020460559	0.981035200599421	0.989592996994096	0.99664846403894	0.996414980274907	0.997748072284399	0.999744499913115	0.98411893996995	0.999674886401737	0.999506828300812	0.948017734169608	0.992161848374693	0.970062109123069	0.991387759409811	0.944181701479093	0.963464601449727	0.816057300187707	0.956706064426392	0.902803421849125	0.986995899986261	0.987862616057301	0.990058945520315	0.981527228854156	0.999287254863081	0.971427162585865	0.999037088649858	0.940705701816053	0.969771461719958	0.870607507415013	0.998477120013757	0.971546949203502	0.935192503248584	0.962611309660642	0.991517587721705	0.965538698097148	0.998115844633261	0.999933395431621	0.998975992341851	0.992247695120534	0.990752044029069	0.993755786453941	0.974988767571977	0.972769323540941	0.983164362391776	0.987707302228412	0.981422572789186	0.98827701253658	0.956799769337042	0.882299331379054	0.896937378920665	0.923401995950237	0.839446708704014	0.964538038250739	0.964109728111462	0.959821116539911	0.962249963470758	0.983452808121087	0.992929066032769	0.964933627277868	0.96325376993292	0.998038744035721	0.997750775947417	0.99483247965346	0.998012590977177	0.994935519013281	0.937401890188867	0.999897329316062	0.99765159209023	0.989759443683357	0.941067690090781	0.970604008080021	0.987965464998208	0.97473641369109
0.75162227135212	0	0.86105868675261	0.956932982951332	0.87854345537051	0.95464764987932	0.993955569794101	0.976748210365195	0.999235203385755	0.995411685528263	0.869828703755853	0.872672817796676	0.927508718605866	0.94539678146879	0.961190260522236	0.93419122220005	0.920795838271984	0.975457098535582	0.984193472360487	0.984380888201649	0.955698807133012	0.972957183899795	0.987598514312893	0.965777842055527	0.99036734537047	0.995683338504816	0.984571477502872	0.990758728500555	0.968661853085906	0.959394384684629	0.975869749305173	0.991767185826625	0.974152398864007	0.962064146521219	0.985267210304669	0.997407981057431	0.973862277139564	0.998341631989742	0.977040647893441	0.976347522966394	0.999823718484639	0.994514551308148	0.987133542001806	0.999290810994872	0.99993402821607	0.998531249048004	0.996762772746198	0.991159619047838	0.999813282930212	0.9972095466312	0.95616501067446	0.98759275505211	0.937641055872593	0.995148831457501	0.950302141433542	0.981647241290748	0.863182412824237	0.687149305652588	0.848732204043818	0.875325306600336	0.883574271949449	0.968258342685716	0.992734266074339	0.975888031262037	0.995808385182784	0.982184244860076	0.872177200270838	0.90443919701178	0.932870879291859	0.955067121409681	0.977808404815605	0.962899816439151	0.9416309744917	0.968440336927711	0.872098978582863	0.989335339446262	0.994269228067715	0.969687210307081	0.961169136484732	0.966905552984692	0.999900804671857	0.929518158941192	0.98292464420121	0.975239901925527	0.988757186336172	0.994839778975297	0.991234630280981	0.972018351058525	0.975939561060485	0.988277003519501	0.980908286726368	0.918108445324095	0.991429400550812	0.994064099742096	0.982272680378568	0.980345580271009	0.985159153090623	0.990351225668346	0.98520207172276	0.970931735467752	0.992981259898788	0.99918607864366	0.997967028457471	0.998331997919499	0.998446846530906	0.985819321791418	0.998974583602727	0.999849945171002	0.970771028518624	0.966295725272827	0.98006529393242	0.990560881208531	0.986781778818591
0.85902389180101	0.86105868675261	0	0.803813625001383	0.669416296443483	0.98387296619903	0.99852288519641	0.978281013527663	0.99789474566365	0.998938166205203	0.944004982130652	0.96305890982209	0.848823993678296	0.907102310674151	0.819738474718156	0.825773148352084	0.912834181273852	0.939002791967518	0.958953340661759	0.974407460610025	0.935528967966826	0.955604154652309	0.964648916973058	0.979633328168234	0.90104033982296	0.999822800642302	0.926212821934212	0.994090027068829	0.997601675125427	0.94034131017056	0.887206213744799	0.9165857708376	0.861223091662348	0.879598397350512	0.966840924404682	0.999997172428996	0.960944311749843	0.999874925107103	0.953460161166562	0.961757342436025	0.993489239897451	0.998058772047302	0.981304505013557	0.978707102018427	0.97516901149319	0.979461409743762	0.998577503675739	0.999236521713699	0.987320533471636	0.999999434345745	0.886063695968596	0.990190416108499	0.905750432876626	0.994901191718689	0.964689959021123	0.968870070470478	0.617298374926344	0.91680475760365	0.323369992204295	0.681814608593884	0.710199720909474	0.985302642038185	0.997584670752062	0.974273455138862	0.993397220472623	0.988493970851634	0.975782581660428	0.887423477007413	0.845722511041916	0.972120591664307	0.904029846883779	0.84075057725944	0.923698742226396	0.94865083705534	0.905799282368719	0.961758296420968	0.980722653385386	0.962376670731263	0.942038272277984	0.986159669902852	0.99170201966869	0.934358255626963	0.994798567143013	0.89483127924088	0.944024282708242	0.997573376765535	0.998029064147243	0.994423883535936	0.898780023307679	0.918991712692916	0.837647314954267	0.808081935555392	0.985906122775087	0.999516307546697	0.999489933622449	0.987390327273466	0.996451168938551	0.966358937818798	0.965867921859702	0.956161607367975	0.992072847813514	0.981760606284804	0.997843816956274	0.980884495914415	0.994817829519385	0.995932334657933	0.998992110077569	0.995696422697143	0.992310245982231	0.947676433877983	0.967923345503829	0.979759452282799	0.989733491811285
0.998631381754934	0.956932982951332	0.803813625001383	0	0.652483587868593	0.980797616004986	0.99771853162017	0.955247310160254	0.972589109386327	0.96731382275372	0.981918206125638	0.917280254655978	0.971664109669467	0.980956075928932	0.972062471880305	0.916582718276258	0.936619879888908	0.964792033738878	0.972360752338305	0.977876039615754	0.959134372715004	0.966809409483064	0.952829960924244	0.962144967857176	0.932141490078463	0.99936767387621	0.926565179666447	0.996411223796292	0.999595368651059	0.995398199656297	0.991239167280726	0.992212269359344	0.971318229083964	0.944042691043874	0.999987610021968	0.999080496481296	0.994051187631862	0.992949109888353	0.941588645025833	0.984225250025863	0.996459903426504	0.99987409029553	0.993303758078165	0.997510937183125	0.999784730710044	0.996763784290301	0.996086424206812	0.993497786764032	0.999765402398609	0.980844734145404	0.910671297217918	0.969305350088979	0.936373505004463	0.994099072498848	0.970656755957889	0.945942592208327	0.935688910698679	0.894134041991603	0.743060489001151	0.537687087641368	0.660321860316524	0.969907389467952	0.999096067949152	0.956680949802842	0.999989120543093	0.951471535520513	0.980294236097337	0.900277367993091	0.970220853484005	0.953131877646564	0.962110211037988	0.933629270082339	0.949595370104489	0.965914384918351	0.913429327384706	0.98326206865807	0.983458166078515	0.953100441571515	0.947809415974714	0.985025827047073	0.967164729284162	0.957407527298095	0.994845477658001	0.942393055141264	0.945638829379357	0.999909801380676	0.99958227518931	0.999992913830339	0.993100780340439	0.997719145157242	0.979400309068991	0.958257801874687	0.994665363721717	0.999413873866772	0.999958130447532	0.990625926011377	0.994338078100108	0.979593015854839	0.999314765958802	0.988409815700021	0.99983778223656	0.999082440825406	0.999999739600141	0.998090399432493	0.995867939637085	0.999616265612754	0.992957743804205	0.980935503181157	0.972273552163964	0.988471913536662	0.981942402485955	0.964038313909667	0.986739294924494
0.978291984396549	0.87854345537051	0.669416296443483	0.652483587868593	0	0.958818675393086	0.992546663652219	0.846531016111282	0.9475146268624	0.964383606196641	0.930877079474267	0.857558414567943	0.898922438915511	0.857073342347194	0.854418115797539	0.722988334268364	0.874620042853083	0.810030791877347	0.793038218215016	0.834218987408961	0.772767077915259	0.797018402829215	0.943556617862024	0.857133751071662	0.834208653191675	0.989989327995118	0.794874429396733	0.99482062312314	0.999922983801715	0.981750221995294	0.984066482920739	0.993436566353371	0.976290416850739	0.910961429360028	0.99915212430436	0.995853406259656	0.998964399429629	0.999904431684929	0.951458529443107	0.993870211928787	0.988648875098707	0.999450445329988	0.941263289792433	0.942436632377831	0.95088125784727	0.968852075992957	0.999680254585818	0.999524898565684	0.988793763001663	0.999997846357964	0.874616898708854	0.982449674555417	0.784420059459435	0.998900642976298	0.988581357851817	0.967767642982962	0.8771155258844	0.821747750739127	0.60182712122389	0.582175849081386	0.273129252563668	0.934174433379405	0.987988373404801	0.869331022595202	0.999457878415016	0.948907734371927	0.951861010198304	0.784271970097081	0.902109952775147	0.844365270817246	0.852850204468952	0.796563122721835	0.804931492370356	0.778764267256392	0.748744761123544	0.832615596906978	0.843889545360064	0.782630004335021	0.752883409944977	0.901547733167286	0.968459606241323	0.785491898215243	0.990481098492529	0.783449885034658	0.978359547181862	0.999952320122047	0.999198747992016	0.999998571555612	0.976160235966202	0.994935589783743	0.948214169188679	0.905362132066101	0.999780943512326	0.988956932222944	0.995861581048243	0.993467657843264	0.999647407928578	0.952820278779892	0.986027681432477	0.930813195265236	0.964228714536099	0.960053332437868	0.97837019599597	0.970202419249174	0.998591237498983	0.997504364791484	0.998969574835605	0.999744146586155	0.956764040048687	0.979373405654296	0.997194720410355	0.998838925038565	0.979787659262565
0.980889851497175	0.95464764987932	0.98387296619903	0.980797616004986	0.958818675393086	0	0.813010934738	0.820604544331718	0.888049616425872	0.856640140797623	0.94473141338872	0.883272278718533	0.995245388039763	0.889321329654586	0.95566555540296	0.939310036748717	0.947537671011582	0.922473936053692	0.901251205820527	0.91975452520164	0.866502431629675	0.857881652856619	0.97346252036801	0.866171968044757	0.998421761555563	0.988865156459524	0.912734593643663	0.974064509229638	0.946014450813894	0.998597078093596	0.99979969199034	0.994103720977081	0.996777175707678	0.983269775639269	0.998825982278937	0.999957680672151	0.99480957433458	0.996853022874444	0.960963749842345	0.999987838677344	0.989281884208392	0.998840218249382	0.962942294421992	0.993359370371699	0.99175376248259	0.99153701992698	0.956505522268839	0.956075680464921	0.964060409080413	0.971200134626804	0.956728323485769	0.947761495997994	0.949504054041687	0.999173451933533	0.901844763544429	0.910176337592403	0.969842570772783	0.867174754186395	0.984978551185786	0.955703076676932	0.944526470068295	0.483268226717039	0.797653574969113	0.710262737956935	0.98812494212135	0.818182035573214	0.910916444613225	0.924969955583378	0.995596142309271	0.81096731684081	0.919228343644095	0.97958322707936	0.962416991639795	0.932480128931986	0.864693281601444	0.911431860839158	0.965529229542894	0.843243047662027	0.896887030414678	0.955901686050103	0.998328664577678	0.910827963591131	0.980059617246828	0.986079580461716	0.997706985187019	0.984167292532027	0.989199941766462	0.928322633765278	0.998962449587741	0.997275478064925	0.991000470015093	0.995780046847629	0.947157315013585	0.999803095939851	0.987729433179137	0.975925594246561	0.979505784997197	0.998916781118658	0.996477829526281	0.951334091799951	0.98287229764145	0.987014883280261	0.999472284797266	0.983996375565981	0.955435311326553	0.994276941613738	0.938355340216102	0.971896054127515	0.865471255707509	0.979298432367862	0.998949233871158	0.994634232257758	0.903176567241692
0.988753618345718	0.993955569794101	0.99852288519641	0.99771853162017	0.992546663652219	0.813010934738	0	0.815592529815976	0.923851900670904	0.935128487877927	0.982114538466546	0.965436989551484	0.998244000186908	0.934170488120239	0.985651943057404	0.989243104915496	0.986766285923759	0.948495283043782	0.953167661996779	0.931559024194772	0.941888030639952	0.909818941771831	0.939376617592721	0.925937594143108	0.984014598615071	0.997233408886872	0.920964077372749	0.983209439300147	0.891727264613318	0.993058574067875	0.999464209300848	0.997677013059294	0.998743380548929	0.964178886996066	0.996209328780257	0.999816309261948	0.98338388540798	0.995090743309865	0.945216612703775	0.989980111333596	0.997940000349582	0.999977403170103	0.999784433868231	0.977281782217229	0.991623447697078	0.980122485435071	0.954201313718795	0.927771370000394	0.943368444028886	0.926282466532485	0.968867261317604	0.922907960231139	0.978229644295438	0.992747590677488	0.921390701935692	0.925340060578456	0.992007872441544	0.956582802809485	0.99925110590805	0.988158006784973	0.994124238059947	0.845517001326275	0.300946298370974	0.755796245237308	0.999826390826444	0.929407226691604	0.964499317028454	0.982312766933621	0.99967805791661	0.947708769704041	0.961034416761532	0.99048828010181	0.980245419011867	0.973316483982058	0.962999604447625	0.958044416856762	0.971951104637932	0.935368400261575	0.954073657623379	0.96815500223752	0.976139343698476	0.980237611360466	0.975992715207655	0.973920311364181	0.991696128101588	0.999999900615697	0.980071950422628	0.855776592598796	0.997558011347095	0.99704364044972	0.994889312170862	0.990458900528523	0.939860248386927	0.997110176178715	0.976701216020941	0.958922804501171	0.981900897039187	0.974575497373575	0.998775853405386	0.998515344741101	0.977258763077864	0.96307075422581	0.991473064741038	0.974473940931047	0.948897335575874	0.982726365036851	0.970044417044937	0.943083093403865	0.833401255499778	0.972538405283795	0.99863871549627	0.994938906269173	0.906302067835273
0.999563251227461	0.976748210365195	0.978281013527663	0.955247310160254	0.846531016111282	0.820604544331718	0.815592529815976	0	0.749666123781251	0.802431767062215	0.941158560987635	0.841733100533391	0.996648636594572	0.837451548422894	0.911974205883523	0.829811645351763	0.8989293592864	0.68589182212168	0.625755798747735	0.599485903279645	0.718470139814243	0.619477078722327	0.938770124156511	0.709580954302626	0.914723891391448	0.992881651492796	0.764075961950657	0.96638228898107	0.994033377165144	0.998933519911416	0.990132743248254	0.961272455507172	0.987045178043149	0.957663796716778	0.993447487459018	0.978586089127944	0.996198723323041	0.996017939292221	0.975801196918734	0.996353712715272	0.937423100261768	0.976854498429402	0.970996011002268	0.959779508380555	0.970511861722119	0.973109733507311	0.998813608270996	0.99429706829858	0.999914107016636	0.996989336914789	0.941541946776837	0.968463078392741	0.845503906024137	0.981231425869628	0.987083144702347	0.968995385493456	0.995900592213353	0.88034278980471	0.972982441049834	0.9211160385913	0.827191266543335	0.79222607228652	0.807649257494151	0.375076861206247	0.975375552549801	0.757776023455069	0.936919537401713	0.859412021677441	0.993390194500399	0.744731735777744	0.843520596416349	0.913155610126657	0.806594003290647	0.678793972927887	0.77505863372451	0.651205516505129	0.66041983291217	0.644588954192442	0.664007951807277	0.866274900867999	0.966142534972988	0.775093026979698	0.979929439869975	0.844035557913491	0.995896445119628	0.996652108061157	0.98088398466881	0.974060927483882	0.990081397162514	0.968834491593813	0.9985489993715	0.993946238995699	0.999381417310573	0.963158155196339	0.988539862144935	0.999980411293647	0.999015766346335	0.972428067132794	0.99915416666561	0.965488941463599	0.958893198126537	0.973960389453225	0.945115883904389	0.97722439065312	0.998586776096957	0.989180250315211	0.988987047131654	0.999309282316322	0.87141944205393	0.994996057713553	0.988163024759515	0.996187879689389	0.951332303787923
0.993995641454317	0.999235203385755	0.99789474566365	0.972589109386327	0.9475146268624	0.888049616425872	0.923851900670904	0.749666123781251	0	0.84442800493166	0.985590885632723	0.946212611541651	0.997218214689814	0.933773174931771	0.978273932366102	0.933632651797306	0.981639273423523	0.849169960148907	0.811709432652808	0.814129883117422	0.882190370599014	0.786842641245131	0.974201043474231	0.845056419677266	0.978709587394043	0.997506314840709	0.865906544432889	0.98136228637568	0.99944895319051	0.995152363081318	0.968118907622318	0.973400933469306	0.965582949740481	0.995774692008842	0.980231567025657	0.98221284165825	0.99451139404859	0.999557184850351	0.977905739759178	0.987679683566827	0.941300233117463	0.978529374683301	0.998712947305368	0.990618365802128	0.99305751833823	0.986919749888415	0.998226853480053	0.995616133167542	0.998343888227668	0.999303786615299	0.980068125952996	0.97715152415435	0.9278793062722	0.999086529940179	0.988675396344722	0.984158269546248	0.998862655360694	0.957584929392579	0.994294047285753	0.957154926547105	0.938017114324358	0.861044102061107	0.9123285511358	0.74014199576408	0.929832041783911	0.798571105381568	0.98536855625589	0.962845371849701	0.998203761273419	0.883693672680193	0.942065036884007	0.975085011847459	0.938664767307324	0.837501178380053	0.935067210526047	0.817458805952432	0.82804045102905	0.787591334671224	0.834059560037816	0.931674795196545	0.98659042940459	0.903966206145223	0.998229148721913	0.959348496208448	0.986315275907575	0.999954731971447	0.983313109635957	0.994896023632415	0.983275398275119	0.938189683122015	0.99104086286875	0.995208927683191	0.999003502803171	0.951597891333402	0.981902959936564	0.998454606033828	0.994538633619286	0.990597339202633	0.995578199830701	0.990946000947998	0.9833044501436	0.990121266909418	0.973128313672658	0.992143456241192	0.997404485935336	0.991583321327234	0.994677886278846	0.998766086419166	0.940706112285283	0.993203078050524	0.998360011773394	0.999998649015084	0.975160238642807
0.990225388234453	0.995411685528263	0.998938166205203	0.96731382275372	0.964383606196641	0.856640140797623	0.935128487877927	0.802431767062215	0.84442800493166	0	0.993092369074389	0.909458762149815	0.999812146671461	0.968772661878907	0.995100100715777	0.975327365861743	0.985213280137494	0.950718121197868	0.942653443832537	0.895976092698158	0.932403995410192	0.934009304226901	0.998577468386175	0.968631170825162	0.997744153279236	0.998213283367668	0.962576415615109	0.98677799578716	0.999970102658897	0.996650155038996	0.988010642889873	0.977788015038643	0.967587803117369	0.998663278886979	0.996266482748014	0.99781007756898	0.999944464338583	0.998731413636111	0.998149939331949	0.992321765770195	0.982869347344666	0.999999220546776	0.964153884420788	0.996671634261192	0.999899361166173	0.995908144046664	0.986853021076083	0.999616323434932	0.999959150432894	0.999317827164311	0.999718566210834	0.998996942463375	0.958545280942414	0.994035160977906	0.991170058002743	0.99151030860199	0.999888195853699	0.940209063549293	0.998296347123627	0.960089204736425	0.957008048224138	0.901087587282632	0.939921985351044	0.812753002090967	0.968610562900538	0.514809464965745	0.983504593246045	0.916440866123487	0.999086593544429	0.927468074233696	0.967979129633583	0.994532439626884	0.983261869194831	0.951595864268506	0.962561285887981	0.95267949514383	0.952274049408813	0.892904762454304	0.94932440595051	0.941931456145422	0.991928659335493	0.95039916475124	0.998939778724404	0.995024982414673	0.999774617076995	0.999822797900702	0.987907995629029	0.995742026203883	0.999352537536745	0.994325976208723	0.999410621639052	0.993580685242903	0.998593140858253	0.998183455115061	0.999343407518686	0.999396954432578	0.995397665087655	0.999286089533036	0.989159773770182	0.94723705315299	0.998825064997408	0.998573603896674	0.996529050307194	0.999864966874486	0.986885623146944	0.998858365049232	0.993826111349692	0.999830346303664	0.983222336369402	0.989769883193825	0.997415052245467	0.996186836828071	0.986679179485628
0.901865195239829	0.869828703755853	0.944004982130652	0.981918206125638	0.930877079474267	0.94473141338872	0.982114538466546	0.941158560987635	0.985590885632723	0.993092369074389	0	0.774290943045037	0.805391499699209	0.815841965923496	0.741667474010073	0.8151153035812	0.834819449037322	0.909212362382398	0.935063898852453	0.936564531942739	0.90913897109255	0.930362725870006	0.955709452683836	0.94822215439476	0.976378642224041	0.964095642307455	0.970909786805773	0.959478654991985	0.99042368485896	0.924802177935263	0.931567269020872	0.994055084890053	0.938189312434813	0.879504839723538	0.963671445416199	0.987488702977337	0.993627336151716	0.99999678475961	0.986450402957107	0.984861174386642	0.999857013121898	0.996757782912702	0.977939478279031	0.988700338015821	0.970905346631362	0.993857462300159	0.993026587121901	0.999407089660012	0.99209296879009	0.999308188482226	0.944551206073115	0.96836994441813	0.859302768864512	0.990005380880153	0.955051153701141	0.968721715077453	0.897187033781176	0.845974500000941	0.95225268063573	0.954932389368255	0.936163057378503	0.932507066595599	0.968783457979847	0.947745225629671	0.997543333324259	0.977212005296253	0.627248130596929	0.754055345361932	0.755996936334001	0.858149530333672	0.783741099308509	0.850194969437508	0.782454199599453	0.914540081644283	0.815896231852509	0.946333436858069	0.95887068370079	0.927925676094882	0.912170457997327	0.983339779343272	0.997198874124392	0.880628897628106	0.948528777100989	0.947018994010268	0.998963039511711	0.9744970716536	0.947256842515758	0.996860453333985	0.948966963174849	0.963447178343911	0.967877929848342	0.861938725256842	0.959841276673035	0.992000669596713	0.998592829462663	0.991235991020894	0.995256589508628	0.989980761385756	0.999999828043032	0.97633528022121	0.997907797754385	0.973113696982902	0.978919812312828	0.985839803834822	0.98442184026439	0.993129796755982	0.996457967728137	0.99994526072127	0.96594783617099	0.990550059740106	0.999062210277965	0.99995885756704	0.991789552474695
0.984963629052254	0.872672817796676	0.96305890982209	0.917280254655978	0.857558414567943	0.883272278718533	0.965436989551484	0.841733100533391	0.946212611541651	0.909458762149815	0.774290943045037	0	0.919088674441201	0.877518938890726	0.898252593968895	0.779232641583087	0.823101182243785	0.888945377263689	0.901389458649176	0.882541539112029	0.835983609649719	0.880274425696486	0.973800467501338	0.876274799364082	0.957692149185526	0.999712716444752	0.913722160641485	0.980525435576076	0.995140692803745	0.987381393244343	0.999212208927214	0.999286412862746	0.997340999003293	0.964144117714327	0.999806121709743	0.999657132478004	0.999997922002179	0.996527223566887	0.979124569198823	0.998043000543904	0.985685591489747	0.996152808204139	0.975139304594056	0.98980334399537	0.982950367569647	0.997492532882518	0.999141195729616	0.995444530095358	0.999481946816262	0.99487111033704	0.94833146820017	0.97550399478227	0.803580255704706	0.981029648622234	0.983354503464476	0.9680533511137	0.959512740443849	0.726464933472048	0.95707016290519	0.908168035178637	0.858590824238674	0.860061913304582	0.949950156694114	0.833196841481151	0.983806120011938	0.883982700963526	0.706905945468506	0.570174847943664	0.880693147894277	0.748712019741935	0.85819491084886	0.863971852115965	0.784438400348256	0.888588000222643	0.744936206666598	0.932438330797246	0.921809478527745	0.849556084497178	0.861335511412497	0.931106782107031	0.976378197639214	0.821145527307736	0.956919086774254	0.904535076831371	0.999546100654121	0.993559549122714	0.992173887577938	0.996376184345302	0.986783179885464	0.999815786290686	0.987716638807658	0.94172067642854	0.991609948796898	0.999409044897584	0.999749028114886	0.98535400998288	0.987049496913864	0.972236731901468	0.999973484287338	0.973175253716612	0.999975030624186	0.987445521530106	0.991120842214813	0.996368543306871	0.998495467681934	0.996040480595315	0.977782625933766	0.982426559675784	0.910963564261603	0.992692218248484	0.993092941236014	0.999680184324453	0.97591230513231
0.850488131502132	0.927508718605866	0.848823993678296	0.971664109669467	0.898922438915511	0.995245388039763	0.998244000186908	0.996648636594572	0.997218214689814	0.999812146671461	0.805391499699209	0.919088674441201	0	0.903710051021984	0.716041301713488	0.851410859895111	0.868727394802874	0.987059299487901	0.989639966532361	0.993483738849812	0.974821076911005	0.995479470923899	0.998384901831859	0.999970317534227	0.915525425063885	0.993232304937165	0.990542398743608	0.990353870919046	0.999138588573454	0.723168176243782	0.58032861345354	0.761979836650067	0.698376421943628	0.906498952530942	0.924241999832394	0.933987634109908	0.900891678164421	0.972074100820964	0.97263345699746	0.895273758450054	0.957728063482304	0.928858679817676	0.847904388592759	0.997514181113625	0.985783537665413	0.997616379093884	0.995579583076857	0.998203724393995	0.982002746672662	0.998307559852023	0.942867813345145	0.999690912471076	0.931748045494258	0.993175918209864	0.971464733351722	0.969441535911068	0.880210383469918	0.977903701274126	0.894095816140418	0.951321360075293	0.937412962426992	0.996837152138824	0.999745677299285	0.999237996611927	0.998566354573237	0.994861968289204	0.926538596446704	0.867482466088798	0.487582490365423	0.991904155210977	0.897484402555253	0.832737767049127	0.920700492600437	0.993245668304092	0.957078205694501	0.993200102269737	0.999015782362178	0.992950665700968	0.983479609769851	0.99983025348286	0.999185982207836	0.96618045551071	0.966800460877771	0.956290402318333	0.960372143587822	0.956387377895294	0.982505847252375	0.999999772090005	0.675077633924588	0.710398335816818	0.716277135561208	0.751791061333741	0.979510705391878	0.952426309864716	0.980871310930056	0.968690972661616	0.985767667422137	0.983122815442013	0.870705489631746	0.861866161977753	0.994189484618852	0.980525006451195	0.999408987319089	0.993576184265238	0.978536468509292	0.982133940138947	0.998808685431439	0.992188935986462	0.998725635519808	0.969020919698009	0.975562899868601	0.973896725885242	0.999422522306442
0.914082880072442	0.94539678146879	0.907102310674151	0.980956075928932	0.857073342347194	0.889321329654586	0.934170488120239	0.837451548422894	0.933773174931771	0.968772661878907	0.815841965923496	0.877518938890726	0.903710051021984	0	0.636606198732823	0.78240182692928	0.888206325634065	0.707567932235684	0.766894615525932	0.733265892180208	0.702997047253188	0.739435452940683	0.931258845141653	0.766669357447753	0.906293065216567	0.997707409071662	0.815907652512708	0.978776123259884	0.995939080399173	0.978973452178235	0.9856414572505	0.999700424648518	0.994217538592656	0.884569878550208	0.999227545946253	0.969557593938969	0.997720839808486	0.978723259014937	0.972134528540316	0.99974088092728	0.97508203647496	0.988234194831308	0.957924425406793	0.953357844297706	0.932673657228942	0.958518799792819	0.999847437086174	0.998963344616933	0.994685127097502	0.999996917884189	0.911633682038547	0.959030455424858	0.639054372716218	0.98766640974217	0.961363370032872	0.974143843617105	0.918142974704807	0.914970139299947	0.911226148886541	0.935406555158902	0.858815653727927	0.863418512513499	0.89666050152746	0.847490380504905	0.999202189295187	0.951882994482314	0.902207037945636	0.776973804144556	0.896045254189136	0.775047513157805	0.715517923018736	0.842061798961864	0.792689621479083	0.697968160226693	0.706576045394151	0.778086760226226	0.801064808932658	0.70267619530384	0.749457594523786	0.809850262502495	0.996761893205518	0.696376854882723	0.969768413784766	0.780757205608688	0.999992495976857	0.979635842111026	0.96339402712455	0.971520292470235	0.982641304997456	0.998690278032391	0.978790778489549	0.915906206836454	0.999632245930139	0.981248105827513	0.999166686765474	0.984625342427617	0.998881938417889	0.924751463469415	0.992289571256853	0.941720886952232	0.964130012911988	0.968117137004043	0.953752751005311	0.966910427731558	0.999968869660973	0.999911333432321	0.994664352826963	0.999609513219419	0.881045108587022	0.921724825462737	0.999028089805502	0.999966344059736	0.950873022351863
0.887998094895578	0.961190260522236	0.819738474718156	0.972062471880305	0.854418115797539	0.95566555540296	0.985651943057404	0.911974205883523	0.978273932366102	0.995100100715777	0.741667474010073	0.898252593968895	0.716041301713488	0.636606198732823	0	0.650736021877954	0.795111549531998	0.794719182313608	0.835287142338146	0.856417501746278	0.811144801311828	0.843678162621523	0.962531162189377	0.918651605963646	0.880258042778383	0.999869743608666	0.887067362577031	0.990438772246931	0.999987201715693	0.93282045864079	0.866114351767689	0.964711310370344	0.889737499957644	0.839699598857672	0.972121265247782	0.997786917369309	0.988177572058978	0.990189792068906	0.990708286783687	0.99154162372527	0.999760191662859	0.994979988120231	0.947757485139038	0.931358278989772	0.889135230299469	0.932601196153289	0.976229723725015	0.995445356715231	0.959136385397374	0.991678771113552	0.917799473790418	0.991721955475989	0.775057381966619	0.98866562581113	0.973484840833966	0.98257475955457	0.866217466579707	0.965710977567325	0.844820702845657	0.921480840307844	0.853293021973599	0.933128910810936	0.967728083832405	0.927711071717102	0.998903462242728	0.985343706566201	0.90024703061792	0.791116612499589	0.693350196963001	0.880719389305449	0.58895228774457	0.649957592303943	0.734852847946627	0.814932907411948	0.808120729263935	0.842280068334399	0.887541240649285	0.856580999205564	0.820387999434649	0.943664591057983	0.995273577349891	0.798753644128662	0.961374555195742	0.807960963341283	0.995859439104178	0.967100576082418	0.983503815261202	0.995957719119654	0.889207934126858	0.912099774184148	0.879839102305354	0.81112359808568	0.995729330228466	0.999849917547936	0.997319108164505	0.993930239332495	0.999342489659404	0.955895116353638	0.982144298344508	0.932533187362779	0.939966586341095	0.911722304959282	0.946210903148384	0.931956666522546	0.972432347652037	0.997914216758564	0.997949021695822	0.982857406720785	0.976600625247559	0.965967868004887	0.999965079151568	0.999982168909148	0.994224233565189
0.954160808005798	0.93419122220005	0.825773148352084	0.916582718276258	0.722988334268364	0.939310036748717	0.989243104915496	0.829811645351763	0.933632651797306	0.975327365861743	0.8151153035812	0.779232641583087	0.851410859895111	0.78240182692928	0.650736021877954	0	0.715139991921042	0.691962693751835	0.706023783521959	0.79024310781758	0.740769348687164	0.724568491588757	0.963371184602841	0.862047901763103	0.850064121397473	0.996017463762969	0.835607714543796	0.992758939801821	0.999966971301956	0.970615922305598	0.981915756376555	0.996772848186226	0.969197540138222	0.907269191380774	0.999877640619067	0.997168916423447	0.997675925240721	0.992370771104741	0.980700257610593	0.999655896337954	0.954519072361238	0.976796384052563	0.962388585010484	0.901040040484262	0.868745976887716	0.933909369323523	0.973882673904215	0.998202008802435	0.968200858171379	0.995883839861896	0.894637117499442	0.984048781472474	0.73640227184599	0.975158394368775	0.996064945230759	0.982650201775166	0.919898122591282	0.898649772724504	0.835939591666696	0.88222401312147	0.727600553773319	0.883589200791991	0.978529901204812	0.842405318307337	0.984252665285938	0.967691766139989	0.877618703671565	0.730580650721815	0.822644582228536	0.778691060479811	0.6415415764579	0.537270654340004	0.573863830640612	0.688296218689351	0.651829505842718	0.742707784070037	0.799004796107152	0.743689289641254	0.653702290990246	0.936441979023717	0.988829628078592	0.774704137402283	0.970761260622118	0.742933292380326	0.999740650991259	0.995909980191199	0.983444530367862	0.997590865670822	0.966476953920839	0.988882807247105	0.945790817648697	0.88311148191096	0.999743246705592	0.992412267553028	0.97071514547974	0.999543126892929	0.999197888739094	0.964842656983535	0.999973692876603	0.95272675823748	0.93476719997743	0.890905717869735	0.924809905832128	0.930477165461695	0.964743995441538	0.976503036207907	0.999994316176401	0.994044556616974	0.957777316634968	0.998549324657171	0.9977892566521	0.995197220588199	0.993868725540926
0.956528061494342	0.920795838271984	0.912834181273852	0.936619879888908	0.874620042853083	0.947537671011582	0.986766285923759	0.8989293592864	0.981639273423523	0.985213280137494	0.834819449037322	0.823101182243785	0.868727394802874	0.888206325634065	0.795111549531998	0.715139991921042	0	0.880059524889889	0.902450317483431	0.911180203601495	0.899342524954547	0.90828301632377	0.963017045502134	0.938971184202122	0.849919971884489	0.994526708130812	0.910303156452929	0.996136252609312	0.996989624389207	0.951480983055467	0.950421595624192	0.98703838111278	0.920915413012043	0.877213910641029	0.988903280200673	0.993280212454422	0.987104163708306	0.999999938856337	0.958654218436069	0.95719411506569	0.998462586090033	0.993297695318638	0.984871322009581	0.985192484062866	0.975330889284321	0.985719088791908	0.999217433336066	0.99790337151855	0.993659663422057	0.995046225171944	0.910214371755219	0.979802904716097	0.896728803037298	0.992336703266916	0.988550413148126	0.975372588576894	0.937601311300722	0.920614753438748	0.911197598040664	0.910220127377972	0.871535872724153	0.917986140912106	0.976997861442503	0.907970192622271	0.997062324239955	0.971344996299134	0.905281433730374	0.844632100857262	0.879664699754415	0.926285705625847	0.833839632130742	0.812323970098863	0.743295577584616	0.900208691422937	0.782652431454594	0.921243712902646	0.930841414885463	0.918713352831617	0.846169479052086	0.975066035395917	0.992705132468027	0.891385417368365	0.948965358853761	0.83800713123585	0.990144901406206	0.998938564675811	0.985690447070976	0.989744107863548	0.964517172667035	0.979716411195521	0.975386366897589	0.852012925556773	0.993728222331496	0.999659827368649	0.999901300137685	0.986606246654224	0.977152040603551	0.974268609028072	0.999962683764134	0.978027497518192	0.990682505701429	0.974544561258699	0.988243935017728	0.985718811824921	0.999971389964153	0.999891634622991	0.997297734979532	0.99961792748808	0.961635488528687	0.998901978123847	0.999705339797095	0.995028182464951	0.996026431010854
0.989183431041002	0.975457098535582	0.939002791967518	0.964792033738878	0.810030791877347	0.922473936053692	0.948495283043782	0.68589182212168	0.849169960148907	0.950718121197868	0.909212362382398	0.888945377263689	0.987059299487901	0.707567932235684	0.794719182313608	0.691962693751835	0.880059524889889	0	0.50670783414068	0.63371992723032	0.728959611553013	0.556213802652378	0.862723177658184	0.693290971738566	0.883643373914639	0.970308672000272	0.765248428890449	0.995929003381241	0.998356920904363	0.999530218937302	0.995561608647398	0.967685980004775	0.996802250182872	0.932930060016407	0.985849648026573	0.934160513938991	0.989557253978021	0.928757186577445	0.985193488638776	0.991124366485699	0.907672470221927	0.894413953735779	0.981053502776271	0.820922191235444	0.822723441138695	0.865608000453461	0.963574411206415	0.998719026159939	0.988545949760784	0.997662692754854	0.873489896839406	0.945913786901823	0.79395010672538	0.922124783990461	0.99952619662054	0.970164264323756	0.983424996496409	0.916243093557222	0.928670508404352	0.930784928535672	0.801384755699377	0.85367620937958	0.937265453633797	0.728915146231094	0.987536508449777	0.940681473672237	0.942119295154156	0.850619392723428	0.966904586445997	0.702895594683247	0.759561078158503	0.781840891314857	0.72038484616766	0.42934597924072	0.660164675466242	0.534179046152867	0.637575298622265	0.61643223973377	0.511593319191985	0.821726207924387	0.977416714350463	0.666461228659542	0.966671573835052	0.726848259428256	0.98559031776632	0.999983406777159	0.982628377153368	0.992885881972129	0.99998735063358	0.991055539833399	0.999914505962885	0.975382287180573	0.986579135445686	0.950693748267598	0.959436143097314	0.999977764790109	0.998076271869754	0.971681292708441	0.988772827192711	0.964235384176257	0.884614150646894	0.885310870470674	0.846814260673159	0.887169096838052	0.979948860290753	0.963461357249793	0.998858299035794	0.995558003925756	0.889721143008779	0.999999727897433	0.955954898978407	0.967459924045748	0.964264716710493
0.997015664915154	0.984193472360487	0.958953340661759	0.972360752338305	0.793038218215016	0.901251205820527	0.953167661996779	0.625755798747735	0.811709432652808	0.942653443832537	0.935063898852453	0.901389458649176	0.989639966532361	0.766894615525932	0.835287142338146	0.706023783521959	0.902450317483431	0.50670783414068	0	0.565628490033541	0.624748781697689	0.407885258704273	0.94270482564196	0.675214042176357	0.86551388926418	0.977611682795461	0.714104581368662	0.995314258155502	0.998464810493696	0.99993233957889	0.989991695381194	0.965278278456235	0.989338282393799	0.965677265653228	0.98511048756846	0.956630188233225	0.981631546872629	0.976638836088644	0.989835211095052	0.989299939204268	0.891708199829229	0.95361597117036	0.963460464017041	0.876107036171279	0.897389559712186	0.923577018630542	0.988174287534049	0.998374389618566	0.984482585807466	0.989183050972426	0.933925772647845	0.987426699816832	0.800212740510651	0.958331272368582	0.999942073908602	0.993446215625187	0.992027291999711	0.925053429344501	0.945865747061458	0.940030350973007	0.772603202273862	0.84464037177083	0.94264275801824	0.671188683248217	0.98131038543888	0.949895730285744	0.957766674622911	0.882368786969161	0.983474374188876	0.696381070044624	0.777559526540192	0.819606998533206	0.739750346303909	0.458338606276783	0.734464809763797	0.351106932679503	0.595707212301142	0.533114845658678	0.404196379270317	0.829338781633207	0.981876147640826	0.707220958430587	0.985345998125716	0.726278237671094	0.98966405980427	0.999718360905069	0.994234376797445	0.998437902378482	0.999128176397297	0.980602148979705	0.999888629428242	0.993814623918123	0.99040914755719	0.944363257488248	0.968867843863103	0.99928665811674	0.99109699615565	0.969499927343095	0.997597808455489	0.954994371971517	0.895860295026921	0.914909198188943	0.908024621071373	0.928659523824394	0.986790293210995	0.97843284985399	0.999988279023278	0.991657441603601	0.928091791938577	0.999999983934414	0.973030985210777	0.974186393771626	0.978659005978697
