0	0.635795839720434	0.726871509357736	0.751394062711929	0.826384485337587	0.757703922549069	0.894818602057931	0.884172392172554	0.877000143271375	0.636016612966417	0.720556146452545	0.748690177208778	0.824723119005108	0.733005806067311	0.786160417597355	0.825042639295037	0.880637939172401	0.760818080900611	0.815085329557726	0.666068280701389	0.743307742575452	0.837641558238076	0.727478477569992	0.766430400691077	0.755393796036865	0.991949410404131	0.731283058888045	0.963623581227462	0.581332792204794	0.74092881883742	0.889222301990601	0.782842644461619	0.778841152832127	0.822465010398338	0.89770042724685	0.862276257429172	0.792818010509102	0.961970001318297	0.877373659008711	0.716153010034987	0.802320187425992	0.806514358825661	0.928879916970915	0.732055399721454	0.786306894360681	0.78987006304285	0.719572296774194	0.655706694769604	0.769494464402685	0.860115371596305	0.917274602385287	0.776835761333634	0.864117548340264	0.865920900034892	0.819751518647725	0.728737897206324	0.509823127847344	0.57121109092847	0.733487441262653	0.725310606037725	0.80654405607468	0.766402687926307	0.927873230100392	0.850747967880144	0.999508027899302	0.734942268285051	0.642189601947867	0.719359017948182	0.770567371917808	0.741010077688404	0.767685160297097	0.8461543004871	0.965696270267304	0.730886145924842	0.874031192894322	0.89492326677172	0.822588571637387	0.814815924430453	0.867339976704481	0.825460138860065	0.897729597027011	0.826523282039133	0.869196772233957	0.762414221793226	0.840261656425111	0.949530733528213	0.807847642375029	0.706192951140247	0.833175504899244	0.918001731953262	0.906839329729246	0.817880698829759	0.955770402006609	0.773236706424727	0.834147170063173	0.875406912834578	0.662898043462859	0.836695769320326	0.774350695116107	0.899171919489489	0.754577911511829	0.873890019153464	0.819206680673982	0.869525048132883	0.729187911333837	0.826461720509802	0.677601883693029	0.878368471273368	0.851970394323872	0.832975359257606	0.749288033405241	0.847518723945056	0.780333547463922
0.635795839720434	0	0.376469943975116	0.372870940068344	0.437835988595323	0.560242918230985	0.776329103362962	0.741325876554983	0.774104418773156	0.439268372974171	0.676613644909267	0.715939838151472	0.612709527673965	0.665218035698798	0.63066957804037	0.563665615246257	0.73778153409643	0.657134448710953	0.629181823432476	0.712089521053079	0.684404174902007	0.646544426739257	0.647888635598804	0.576682167181935	0.728063188277127	0.957243321927254	0.58061189710131	0.981228640580264	0.635611602621351	0.769238600490217	0.682543533247314	0.878941248034967	0.599522102445639	0.698826906506355	0.993172122838905	0.89283518394561	0.764729219404708	0.98388399620201	0.819894420893298	0.579366819345801	0.744872678021091	0.665394778428008	0.820845924372972	0.859585102168508	0.756324482757761	0.827533047773569	0.706566408291929	0.785403887470393	0.845204648462776	0.835223516342488	0.867487945719583	0.825936427478544	0.910460922574584	0.89142433058989	0.926911708254341	0.633485076921752	0.431843333687212	0.234706143377078	0.441307225588196	0.353342711845931	0.436772028278187	0.589808301306244	0.816494187934313	0.702429234242732	0.974575157998488	0.494419178501089	0.560622824330098	0.612058400490045	0.663103582509665	0.867185846683058	0.637633880798392	0.602055491126219	0.842549156183798	0.66745677110677	0.666205262249011	0.740089382854919	0.850458156911797	0.70956206562964	0.700127182150077	0.836865958313499	0.902987690700655	0.695457716366706	0.824557264771364	0.743385599957015	0.815375579347079	0.976419830337795	0.888393845662763	0.797436180416752	0.919751982187094	0.81286265506439	0.966152065141802	0.684960937413734	0.999999572170147	0.857332947864845	0.824838544678039	0.852324831750622	0.722353355138836	0.886116354143906	0.76470715311638	0.82157337254528	0.91949237052985	0.938663218285433	0.83599651328317	0.936070735904976	0.804161565534672	0.88508183150123	0.778238833294649	0.869694578927074	0.924278298065966	0.825107983961064	0.806009530670567	0.943945975459574	0.627808143858191
0.726871509357736	0.376469943975116	0	0.338330008958144	0.338227961625562	0.575223107381518	0.805268671879583	0.753871734286318	0.819949125502481	0.560733840655528	0.640124900463498	0.682938667527095	0.590580093345773	0.709825632148393	0.605283111224763	0.538504269750163	0.689078086346656	0.673676682543535	0.675063151880723	0.767535943505519	0.684206952599503	0.659480966158827	0.661720910167553	0.561523441185223	0.730949915169483	0.943323541697057	0.554223043806174	0.986948525381459	0.660524906517408	0.781768414604992	0.694422863628638	0.886858126926834	0.610735167327272	0.753473028598446	0.995017569895732	0.919601324292205	0.752260153304801	0.966970109317218	0.785653685778975	0.60200129571232	0.728255284546749	0.61812520316425	0.867665294929813	0.857104559688079	0.722674467796913	0.797828211929676	0.691471080606877	0.795451278490525	0.820795327037	0.800285144683741	0.867793015478751	0.830700892368026	0.872450031429646	0.85834202920229	0.927599854946832	0.642181679235732	0.498740838019921	0.334074122167977	0.259415488731975	0.361249453229048	0.273058745846398	0.603752157194679	0.831515801507252	0.737290343930285	0.981720767358681	0.54991658136671	0.654044344051382	0.566548276959121	0.60293760415815	0.863193075446164	0.577114254516073	0.559178476719892	0.83314034994531	0.666403776310966	0.679504026785423	0.764075285455055	0.899798862419475	0.735827105008072	0.704089215522096	0.800918084988578	0.863928829291838	0.633131305412734	0.83060880175483	0.740976112900055	0.776924991925414	0.977781402964522	0.91543636886291	0.787769196509936	0.939425996197717	0.786283700655386	0.936972909078684	0.670481625751153	0.997653252973036	0.843616146421475	0.797488256738052	0.812308598894633	0.695478605461857	0.882073530229035	0.705007100000047	0.824983015106698	0.9257069970652	0.931112888433389	0.793444076299494	0.913312927030283	0.8109929637377	0.883891349186287	0.759920194027612	0.835757917166149	0.936834523291847	0.810469135397243	0.755218794093967	0.959648227783533	0.673991643615845
0.751394062711929	0.372870940068344	0.338330008958144	0	0.326302461777695	0.631326427543267	0.79983249342652	0.778990476130879	0.815879406540901	0.522931391757646	0.687545890196181	0.764781719714183	0.627573911940417	0.681114849741124	0.635646811627895	0.530718200233395	0.759102749433031	0.688984101087809	0.675613585349507	0.746745918959171	0.704561140083181	0.657548587116436	0.672814591198814	0.594311846327621	0.652869758701455	0.946215836007078	0.598114863044682	0.979801087650815	0.691225832506916	0.808775165500907	0.698323263183486	0.863161837608373	0.633264583139416	0.725786963992855	0.997732164833698	0.918865434701203	0.757513628256489	0.966669338213606	0.778413011189249	0.584597671908406	0.780439491373031	0.613114022574222	0.845492206468143	0.847077541075804	0.704484600605283	0.809131657978273	0.692245562367345	0.805285069369184	0.83473238317295	0.813558113430204	0.861936589234304	0.820847493616641	0.905053988326381	0.861648310703594	0.916023481297775	0.685840652741037	0.499611814959314	0.401327794571568	0.431486507726377	0.284809082261621	0.347923742433623	0.610966679860466	0.840092947758627	0.747963771716463	0.958388764249748	0.510932547582086	0.64235143486496	0.636331765205439	0.659906371825163	0.895466303549968	0.613129130178451	0.55464817582184	0.79570061022579	0.666493623697606	0.705970482751917	0.793560621957105	0.873685595284121	0.689087087782099	0.722903896052791	0.786323128386228	0.882464472420145	0.680040373904425	0.823316460139737	0.737582559747507	0.810308248178495	0.971236764885771	0.916422461942217	0.835774615881211	0.926516923302953	0.818372494394082	0.948848241396739	0.674006754646816	0.999893916747884	0.896768974765839	0.819377841944706	0.83507741460801	0.726805699896384	0.890913625998218	0.723396808943971	0.820465066591273	0.959959367379138	0.938894162219341	0.804532529886244	0.922038996680605	0.794018161055041	0.90918902063926	0.822559208164586	0.857126990119396	0.933455146784614	0.795601657193447	0.772253444388084	0.953043809273434	0.681496851653561
0.826384485337587	0.437835988595323	0.338227961625562	0.326302461777695	0	0.641636906533606	0.790379951016469	0.752049772915122	0.841349426235516	0.59873180560192	0.733728480693524	0.757206308026374	0.641100531913141	0.733696230545705	0.649205928894557	0.569832800894954	0.721600094664298	0.679516699548165	0.700241032374595	0.811739367195258	0.722172903568827	0.637459138889157	0.706384133835074	0.572837124909697	0.757694160258792	0.943737490063341	0.626370949036356	0.990209748891016	0.770089800103248	0.876758414416967	0.744077793498767	0.904892412478173	0.641208905589736	0.753558153016835	0.9997819806706	0.951523031737012	0.809911761299003	0.989449968267672	0.815145324717283	0.689948257597645	0.809246476565856	0.673649865415577	0.865285640367741	0.8941736956843	0.779215650758289	0.855021073829795	0.765224204654548	0.873998203706853	0.864929870341205	0.842192109316582	0.903910479544772	0.886059948754149	0.921733038271129	0.908504681173376	0.951348461041462	0.690875655677315	0.608330859350874	0.464246759686954	0.436336913920778	0.366262124797637	0.20973611136852	0.62837111223895	0.807950849352595	0.736949412127101	0.975342204846287	0.550852831429961	0.706514932563294	0.651815072947211	0.686011308240648	0.913852539746948	0.638656059113671	0.574980184856251	0.781944444177059	0.690064455441236	0.664047715250945	0.750445366316229	0.906217655686392	0.743458318215019	0.723460536184584	0.841844895852454	0.895108134556392	0.698063325077531	0.859152823555091	0.801539578616359	0.847247439456051	0.991313726042381	0.951785165173387	0.885308713313047	0.965153910790298	0.848893226591139	0.963816726301844	0.706583672116766	0.999335790241338	0.937154192077307	0.867315311295371	0.870330903145545	0.806270559958111	0.937441600480286	0.79369271755102	0.87003350781268	0.975862305066756	0.959728801539641	0.84569781687816	0.954317827172185	0.872386834352262	0.948321805208482	0.852378526638818	0.88650111085126	0.96813208564176	0.811753444826622	0.830746877512742	0.974425947148615	0.733043486387965
0.757703922549069	0.560242918230985	0.575223107381518	0.631326427543267	0.641636906533606	0	0.60896941029777	0.524167995582808	0.724878837983343	0.466980962038646	0.689640074025263	0.656765804296595	0.612314975954857	0.760179778096885	0.516143346179255	0.501439229920475	0.548629613697095	0.499268820237303	0.452571946178649	0.581252495290221	0.478358529841623	0.398424045938202	0.631647997338398	0.441476610400826	0.676749425466966	0.955778449996619	0.503459808726001	0.99839433880861	0.699821483754748	0.881401574078828	0.703304251471796	0.939387271183991	0.523420990954126	0.637763808298275	0.989426946317674	0.890996492650136	0.806400418233466	0.982509629430924	0.771218913636172	0.686521071983734	0.74904020421921	0.707540612352364	0.811393300447616	0.831217737075003	0.742237023681316	0.815735390818773	0.716266388284073	0.807307154964661	0.793395325105451	0.723110770311092	0.793913242036042	0.794725116484469	0.876061717656082	0.892420532036331	0.977237284610223	0.535976531169988	0.534277353331312	0.497132736779884	0.578301838054007	0.646827979051197	0.635957763922467	0.336398187102673	0.656492978676542	0.491939037393074	0.988540812832145	0.477746177245985	0.691102306910492	0.658468591910264	0.690398598839494	0.789319083084001	0.52333700170213	0.569532503886663	0.685012180658887	0.485859171273918	0.569306237482843	0.594098506496866	0.790030069210679	0.616302437885056	0.473231215942476	0.837200341031796	0.800813794904271	0.567611774281305	0.704466214295061	0.645921810869315	0.745897931797793	0.987910023049884	0.927619687170335	0.78576863666249	0.971912302727884	0.783845937139414	0.97454587316651	0.660306185904981	0.997499375968324	0.855703151176214	0.796739381484667	0.764148174484247	0.71665975005	0.835301105016888	0.77449028738621	0.732471719293234	0.90966111232806	0.915919362285387	0.737316733018873	0.908611355068893	0.764468259392959	0.873561363718962	0.810113232775206	0.759203030551026	0.894168598896401	0.845032451325903	0.856792411880119	0.988427027640166	0.60185531992398
0.894818602057931	0.776329103362962	0.805268671879583	0.79983249342652	0.790379951016469	0.60896941029777	0	0.394228933842488	0.786463059795787	0.642165060908499	0.82902187058825	0.853128847335619	0.84651601080706	0.820661688816916	0.762552000050774	0.650908001078148	0.782002314766327	0.673525170905592	0.548219459548025	0.691337354287581	0.707306644005546	0.621584167406105	0.738520712239825	0.69737453513735	0.722574529357239	0.994968608323817	0.716185699491085	0.997784090052966	0.841513769160444	0.986591282328567	0.832593424900095	0.968565804480931	0.634978259702683	0.720763345220584	0.98994156794949	0.934369075121463	0.901943528004487	0.998791313982155	0.831561087597862	0.837085645895888	0.867559126628865	0.853812642436531	0.901798601671899	0.893770297456503	0.839785448376846	0.888951108384237	0.835852699928686	0.892072247331011	0.852332367561904	0.773778310493133	0.831733968775511	0.771826715390342	0.963070334640706	0.948715643277434	0.992223750718674	0.695231415895661	0.777890654996617	0.778466586524985	0.815683408744139	0.826177908529319	0.815431020284443	0.553198361247731	0.251946107528622	0.354569723189085	0.977865100024321	0.659126358341875	0.864526835559514	0.773287155676056	0.863678359764296	0.921098745520864	0.741858882899467	0.700664861744504	0.706167779019957	0.603957082084616	0.661869332372944	0.622107923535083	0.778536883147021	0.628412888528156	0.557572125628976	0.84139004693289	0.856139000887469	0.743398953926424	0.733687876162214	0.691389411871314	0.801373344649104	0.999847678783865	0.96695384939935	0.886445783849435	0.987915434013503	0.906452123579859	0.986163637335932	0.711409288520753	0.996638280132508	0.951593703839661	0.897278334841547	0.825786145612515	0.857011636608816	0.862541235128627	0.890019430668364	0.883611212320234	0.971878996438927	0.944256719690693	0.824688210011381	0.939175143901359	0.814560151013776	0.93538168706714	0.937415977892156	0.805135075234783	0.881585105390948	0.879089748654922	0.933989569877353	0.999861599124584	0.685981090854679
0.884172392172554	0.741325876554983	0.753871734286318	0.778990476130879	0.752049772915122	0.524167995582808	0.394228933842488	0	0.728946744339791	0.595678686312691	0.737736763764172	0.733042675598749	0.765418765609166	0.759330620899673	0.676581815812514	0.579259742403459	0.712659473772612	0.578267691577113	0.421617234249514	0.650810575792801	0.610560468090283	0.570771263341901	0.7609003605418	0.6032183339487	0.695061075427089	0.970245390011879	0.641972134944653	0.994604050720551	0.815532309081588	0.966581122539707	0.783018180651188	0.958145505692948	0.577818685259293	0.66188297234318	0.980751764071722	0.912447391374783	0.906398216995374	0.993452526902707	0.842356693516647	0.81788412506291	0.849705936602777	0.809373643264947	0.917834388066407	0.874145942194152	0.804857130906763	0.879392859676907	0.801031318459172	0.884889435129338	0.844346928542971	0.785226966396462	0.827177829383732	0.767511921338428	0.911848687694455	0.914130536740493	0.972277780824993	0.643899712914694	0.74543303674874	0.721605394297299	0.742600436885847	0.794431969327563	0.772132530776592	0.523498372099315	0.451004991981636	0.270300844023391	0.966973420287835	0.59353757146951	0.813690277552958	0.67664004042617	0.787827796616308	0.881374326025344	0.635764611301193	0.671643558363488	0.742808854843241	0.547497010071821	0.556853156739189	0.523792163782768	0.760800304279126	0.606472378571803	0.437438650808442	0.839489209659456	0.882619823798537	0.689929552114322	0.670280527478826	0.645812208084429	0.772141260298675	0.991217049340972	0.947769189715672	0.854382124033792	0.97374807711297	0.86881012897225	0.973956383142673	0.675231977938844	0.997107329090537	0.927021270658347	0.888760599348351	0.822094264000414	0.799696536125896	0.849998173149272	0.853948235816538	0.868143473548152	0.96884069652066	0.944819799177143	0.776556839818561	0.935822375451066	0.805083798083633	0.94292341477939	0.903997817971936	0.821087542290766	0.889130866101321	0.843561756947943	0.891560053395532	0.999299955992502	0.686845050146844
0.877000143271375	0.774104418773156	0.819949125502481	0.815879406540901	0.841349426235516	0.724878837983343	0.786463059795787	0.728946744339791	0	0.707484421350775	0.844812413426507	0.867375142926426	0.895691613932443	0.862388021433541	0.875360423173374	0.823855237105335	0.829675391191267	0.839906184873505	0.768857506783533	0.818616842132949	0.763556554822491	0.750258671620293	0.783582430696016	0.764911862345106	0.871670529936963	0.987949760490369	0.768589181525478	0.89854127344278	0.794462021762396	0.964275905847039	0.886148806283855	0.964778942405544	0.752345801511418	0.884815446472952	0.956309518495037	0.859533060847966	0.878249307406909	0.988573095327576	0.838646291244127	0.835995490012805	0.870214639220209	0.852205413247626	0.91146849425549	0.818929501591286	0.775442339690142	0.806882757492728	0.738366543936462	0.81329998806621	0.782450119594461	0.737968788261544	0.826779447169911	0.740761678137446	0.964565019984705	0.876179155414707	0.90667611201117	0.735071820448804	0.785289002594602	0.772800300526232	0.813112885922857	0.772335170621782	0.856857789748102	0.759616816704972	0.823212255161377	0.701346588164742	0.921513434263202	0.697099834215216	0.886605013383955	0.831630289724522	0.916417874797534	0.945793170015003	0.832692453150752	0.865475221030086	0.909858118551554	0.790874026933882	0.842442280911749	0.849971479894962	0.760945125791765	0.807198057928515	0.78533948853495	0.884735069593393	0.865275995345454	0.787594107301841	0.87357729811818	0.835131965822628	0.875758322888744	0.996442511931536	0.869906715787643	0.816090809470099	0.978793139575351	0.931563873522245	0.983655872174772	0.781532205792532	0.999605677575141	0.882155541076439	0.833931670842788	0.819220293517841	0.822435992836214	0.853376000591914	0.869631360927523	0.909244823675993	0.914445063959592	0.869654397348369	0.795051277740313	0.874906551033284	0.774475390672811	0.860038873660457	0.830617021312097	0.747442420791293	0.76982449898739	0.867309735544936	0.853995926253655	0.922670084934992	0.740080064242492
0.636016612966417	0.439268372974171	0.560733840655528	0.522931391757646	0.59873180560192	0.466980962038646	0.642165060908499	0.595678686312691	0.707484421350775	0	0.648682701800336	0.677860653689696	0.663195815674133	0.623286085808011	0.610979907356606	0.539641541890458	0.740329489922974	0.529620816595013	0.479079494162838	0.540335742658318	0.579447738339742	0.581451181284208	0.577295125686558	0.532005601927863	0.571885669176807	0.966864667455419	0.53569624863039	0.974026813188315	0.630684015094002	0.848917273869628	0.695202346219886	0.854871729052975	0.544917484345887	0.588760485596968	0.972145690086689	0.881727394470764	0.763313586957253	0.986845569384498	0.799531954686711	0.620335481140044	0.749425879996957	0.680907292781191	0.83001843381921	0.803211299610426	0.711324369033976	0.813952296135407	0.67713283530366	0.776714626452559	0.805546400336334	0.791360963906348	0.831303385869513	0.744775115786594	0.888971035448466	0.873843930673112	0.920659735490073	0.546126230159094	0.429790363848224	0.416821734655281	0.580023310470447	0.544111943559997	0.599923830025995	0.471740140138059	0.703844376624346	0.562521241252071	0.950522417319674	0.383765412485641	0.642237447833257	0.564387316148234	0.676441975293623	0.803446677924485	0.58862999190946	0.605085475397526	0.801007249128149	0.505905591953226	0.63341036583281	0.661940665231471	0.71776735024361	0.623213796929076	0.579029868553508	0.797314931511734	0.843332469001873	0.687114946636226	0.766568945647523	0.617433547335688	0.777348277781899	0.978877240884811	0.869562463282383	0.78392265924799	0.926481649166459	0.837321764959159	0.949469443994938	0.626551585442183	0.999468576455297	0.854740830459428	0.834144783754932	0.831301992477609	0.698254314377551	0.844454090714748	0.760992514925039	0.795695272319102	0.915120979305544	0.924598560027282	0.77622347686258	0.912692668036717	0.731570594061131	0.889494554862667	0.778000341561182	0.82995058477407	0.872195503318939	0.803054401413952	0.785111448485419	0.949906508040503	0.579176409755262
0.720556146452545	0.676613644909267	0.640124900463498	0.687545890196181	0.733728480693524	0.689640074025263	0.82902187058825	0.737736763764172	0.844812413426507	0.648682701800336	0	0.484089838379808	0.637794726564005	0.521235170808068	0.537573812789695	0.592304037386147	0.784272914703669	0.659306245542615	0.646312226961375	0.603029516518398	0.614818407332622	0.729580891207679	0.847653389217498	0.691157812845791	0.663140056788864	0.931068503099839	0.705676531418274	0.975319607049329	0.697852352539691	0.744148598744173	0.779657398978858	0.847681032562727	0.650835509882134	0.681277798326171	0.956145149655624	0.848776282927347	0.916488500842114	0.969902153625242	0.885774570390899	0.763501886455584	0.838201247378124	0.741681607539885	0.95119399206096	0.788004180742438	0.718799800674307	0.839825189397871	0.705784309962094	0.805249337615092	0.841174565571355	0.868957466464829	0.91734278966784	0.769689676435175	0.654783653829177	0.795098249486562	0.806348801299936	0.746070510084555	0.66701063977152	0.620703137065855	0.672201571742428	0.709594002710624	0.740456997617742	0.682298347956967	0.872583468222337	0.720051749428759	0.990014636961458	0.69003746803657	0.619316581304223	0.419147256452667	0.602518266967262	0.662239809971313	0.53413747933477	0.693937976826959	0.892650022919693	0.613717980879371	0.732290526434125	0.780075386436023	0.748544468861027	0.687856514128206	0.691420705654131	0.743722371832064	0.908309164860695	0.753125156521932	0.715633171273138	0.665411351509708	0.75299946815	0.942947725546387	0.809185982871426	0.721070608220167	0.825611385752032	0.865807658376262	0.915317971073912	0.75979431857657	0.984563583484129	0.794398087339385	0.874988522656384	0.866708149567289	0.623178290979563	0.848618738433617	0.72435654105479	0.842563766214392	0.901610947893684	0.918871817995271	0.757440450456391	0.887147813412629	0.743210147212435	0.916103598608597	0.765842086651957	0.881950326344237	0.90429008689231	0.726380704711629	0.73428295654583	0.912814601403398	0.799111123294068
0.748690177208778	0.715939838151472	0.682938667527095	0.764781719714183	0.757206308026374	0.656765804296595	0.853128847335619	0.733042675598749	0.867375142926426	0.677860653689696	0.484089838379808	0	0.603542478698611	0.609356116069251	0.510524512645433	0.642849240571673	0.665110358588631	0.590873456772759	0.613796937544398	0.612923405555902	0.601698333591035	0.679603029810311	0.84674734521397	0.609166984687734	0.709354300015042	0.948049770894119	0.645265184449573	0.988701158337832	0.755097006347528	0.757178579356351	0.781725671336779	0.889660465120206	0.614473585685314	0.69697238986125	0.980667656561915	0.93296500449369	0.940426033343664	0.988767868781316	0.897835301293332	0.847522009998417	0.837433759835482	0.767393594238274	0.949337353179899	0.827394824229971	0.799493036716507	0.875716150310304	0.798085351610818	0.837395264388643	0.8553236363625	0.884569713527276	0.950575937148386	0.847099071568518	0.583739445459457	0.863754646720482	0.894124546716767	0.659116402058063	0.699084850834964	0.6395787210783	0.667903674187702	0.772144687009639	0.748407224479896	0.678632837726504	0.872892660910012	0.742040660083917	0.997758327279	0.732224542446874	0.691366490866456	0.465240857879675	0.567155103740532	0.606287283278365	0.539737575538894	0.736352883369046	0.897462667229334	0.624579293756483	0.737017003507225	0.732686124844413	0.823611107902975	0.774828740886265	0.627885752270223	0.817241871093177	0.911216625757198	0.708801782823762	0.77054505583184	0.659498731407351	0.747243822382	0.942029260268042	0.890925160222899	0.747965495272386	0.923030430577575	0.834232184496267	0.930118445148215	0.741763709432828	0.984680342324366	0.842685640157301	0.892792652183462	0.87990959044985	0.684881414457292	0.863360064957335	0.742833670392261	0.864503979331908	0.919198175829524	0.935518706556558	0.787481981507939	0.925911899929669	0.826629391550938	0.906151283793004	0.735261177105815	0.906818502490389	0.936036180525598	0.822638646972328	0.781579090300278	0.963770110152008	0.779761392147694
0.824723119005108	0.612709527673965	0.590580093345773	0.627573911940417	0.641100531913141	0.612314975954857	0.84651601080706	0.765418765609166	0.895691613932443	0.663195815674133	0.637794726564005	0.603542478698611	0	0.712480492449637	0.394177609594682	0.563249884247152	0.699992295400988	0.639781109368946	0.616506866606073	0.74430191934523	0.684770043300481	0.651328793692275	0.809527211476321	0.613505534414144	0.728302954822192	0.879549029215379	0.642038603621802	0.999833246033821	0.827660768951846	0.742594910255518	0.501785397981124	0.868812802896738	0.661010059137494	0.659337474726812	0.999990061789625	0.978917356365987	0.876873248758585	0.972468330314748	0.884867023766298	0.727523074913472	0.779161338153788	0.550240882670498	0.758359258256174	0.929824035189756	0.801725579657449	0.904555117231158	0.857469679849595	0.921043651695479	0.942686900340405	0.91895790694854	0.897926075640975	0.9251403019638	0.721065410652235	0.884387848043251	0.951596644607317	0.789343658038947	0.636595501423873	0.559366968496161	0.618414544798763	0.629308647481759	0.628226511310986	0.65743177069011	0.865747077402964	0.766189234194455	0.99828681261576	0.621946902372343	0.632056865041205	0.608477526032988	0.374750166820132	0.783010918619182	0.497179983646469	0.65442655582117	0.812483617896895	0.684585438237091	0.719522344945924	0.737055607669619	0.895066505144339	0.720854834298792	0.70158013763004	0.847332037975686	0.954765106963242	0.715051019980284	0.78281690918517	0.776014250939511	0.790299075018648	0.971381910521203	0.941727191157797	0.880486148300327	0.929968987470874	0.645074328159323	0.938542137501989	0.75010884521363	0.999634894515582	0.901259514832768	0.876186756681677	0.863171241452812	0.76490128021331	0.92566287733734	0.666033530841496	0.706418917648958	0.984606388656066	0.976040245478118	0.852703092110547	0.964978507089938	0.906440822883774	0.958672282140527	0.884133952750887	0.936535149093227	0.983220678877299	0.817810843869914	0.82799498728508	0.972028077331214	0.802583060545823
0.733005806067311	0.665218035698798	0.709825632148393	0.681114849741124	0.733696230545705	0.760179778096885	0.820661688816916	0.759330620899673	0.862388021433541	0.623286085808011	0.521235170808068	0.609356116069251	0.712480492449637	0	0.606543564179374	0.636297762951479	0.8533762924206	0.652079721776565	0.692845806137565	0.611088379344892	0.678977470565118	0.775795765801269	0.816905721131235	0.723273486738976	0.703631823838546	0.991867396745196	0.750099883310865	0.949443860570914	0.738287412764725	0.798906725968751	0.803734337635671	0.832909129540356	0.616625110621887	0.750401950037146	0.965897590052619	0.910981408883663	0.928233760134797	0.975310425218863	0.861570050209686	0.817570661443531	0.860250554299528	0.800619068766477	0.961815184647623	0.754885528258044	0.756213479740932	0.849369609918891	0.774993451971822	0.813408930041489	0.822382767255452	0.876726738212724	0.93011921798561	0.758844275204984	0.731710356974847	0.859988508424017	0.816739598011027	0.725831189203073	0.667870685453521	0.639660307585796	0.725499390016884	0.673993084928542	0.74769782337129	0.726894265580054	0.86401861921405	0.747025483629794	0.988914186294127	0.681250604781236	0.614143099777972	0.492785323959573	0.677710111174372	0.699885820737772	0.588106060306152	0.74124675662298	0.910299691572091	0.607584166622929	0.769371468724063	0.83878892498052	0.746118041563028	0.685292907058341	0.758547321863321	0.679257263867271	0.909078701176434	0.79904051574337	0.817923657145568	0.734894217391303	0.837558420333344	0.934873367474797	0.76070586368384	0.761375877612805	0.847963699438932	0.90495722317336	0.924402696917339	0.704970768798497	0.985107349361439	0.881378167182497	0.89108247372649	0.871466862332256	0.734183688899622	0.856398885633869	0.757295279534484	0.929743837639502	0.928027894834374	0.920675054670308	0.804117977505162	0.909275062559091	0.792411166288455	0.905936541463727	0.783503828019992	0.891636098962232	0.878861360388603	0.72856630903538	0.748151803619177	0.896329836212813	0.757869655138234
0.786160417597355	0.63066957804037	0.605283111224763	0.635646811627895	0.649205928894557	0.516143346179255	0.762552000050774	0.676581815812514	0.875360423173374	0.610979907356606	0.537573812789695	0.510524512645433	0.394177609594682	0.606543564179374	0	0.472395025548042	0.626833419105785	0.416231484847023	0.499314551171417	0.578232795925127	0.467892462560048	0.5477971838292	0.7930024205422	0.534568327494679	0.639519206545908	0.931897710868152	0.64582734516201	0.996709935406513	0.789397910603049	0.798679834020306	0.65291630253454	0.894036799439447	0.593051381470744	0.576918636807107	0.993370430882153	0.959633517928099	0.909700080957259	0.980902228822169	0.857983320016471	0.763807606263245	0.810250989078665	0.713948934929668	0.871700906151669	0.875010321090094	0.800126359157562	0.902108723471567	0.827907090565526	0.886799012935776	0.89199980318301	0.877456113209587	0.909785993450892	0.869189514578854	0.646477434592235	0.919319072663938	0.956326384859392	0.711723460852211	0.614814406250897	0.57213727270023	0.632393121283023	0.652739360319252	0.666138598888543	0.563053099127211	0.794167336092054	0.670811206913401	0.997714052721313	0.588909620763164	0.643746360307623	0.57048233589462	0.464150241665298	0.631989192649995	0.372735822683639	0.602779058450872	0.733136049472037	0.464348537821325	0.632052401666743	0.662534511374599	0.78579925606436	0.620658902267692	0.58521455252234	0.789083594052094	0.899030214431088	0.667504271870507	0.692942936126307	0.660150103825752	0.787371270777286	0.951080464798212	0.910537151700146	0.844871805071623	0.911747551868008	0.76342263013045	0.958757912920681	0.728261713093353	0.999993557891487	0.903999908005349	0.882813369083027	0.844411298457757	0.698818867743837	0.904604488086389	0.740837595756709	0.781645724138841	0.963794297994826	0.968544966239604	0.79858125105623	0.956811035532049	0.855115895214657	0.942967133314274	0.861755612934033	0.89114115109694	0.954846714459838	0.830032370818258	0.863375889493877	0.982061480593851	0.76106831058981
0.825042639295037	0.563665615246257	0.538504269750163	0.530718200233395	0.569832800894954	0.501439229920475	0.650908001078148	0.579259742403459	0.823855237105335	0.539641541890458	0.592304037386147	0.642849240571673	0.563249884247152	0.636297762951479	0.472395025548042	0	0.631391921654263	0.556187978910313	0.452935348047255	0.639228533963542	0.562422857909966	0.531272143494325	0.738487184720146	0.539459982764117	0.572986250848141	0.943276969367857	0.574429667851061	0.995662489961801	0.744475909901926	0.88284509097741	0.681952406599781	0.901097430730831	0.53278516125912	0.593191198375417	0.991948481813951	0.929746796926595	0.858409765404944	0.97923793331816	0.750897094482453	0.681629273995295	0.786038612660102	0.685547234539182	0.891484419391649	0.84489774608506	0.706014745049199	0.836394750138016	0.715253926740336	0.847047217526049	0.846051850316998	0.787247839120374	0.828352181465703	0.802728039813985	0.851020565219403	0.869738365312728	0.951718065342192	0.647901463471823	0.585886373338467	0.543601672635207	0.567361423873855	0.588414470785481	0.59048751178594	0.440752395515267	0.695207514385139	0.556267981952273	0.975443424527386	0.551006946078778	0.658747242452845	0.529721256253191	0.629597971362124	0.823104732217321	0.455400054512155	0.326836304978559	0.668472630141979	0.547226496704819	0.514504710944583	0.609595068076646	0.835839181642567	0.524280339468978	0.498571214895944	0.785053704557854	0.861385597334856	0.619558865897004	0.699921228833004	0.608876811754844	0.762222137441449	0.96971204476773	0.904882425318556	0.832023003131533	0.964546275629201	0.818515442192914	0.958706780821614	0.655711437083874	0.995729123035462	0.891642963438343	0.865779588907268	0.812531961605464	0.728212160236323	0.857232130973277	0.755903211129952	0.808817592400476	0.958237896769792	0.953759803534229	0.75539018192791	0.933006153059614	0.767553444870693	0.93332163428856	0.837656087921697	0.836163011922392	0.928552816716163	0.794903926203908	0.827473819954309	0.99146164659597	0.654774003292529
0.880637939172401	0.73778153409643	0.689078086346656	0.759102749433031	0.721600094664298	0.548629613697095	0.782002314766327	0.712659473772612	0.829675391191267	0.740329489922974	0.784272914703669	0.665110358588631	0.699992295400988	0.8533762924206	0.626833419105785	0.631391921654263	0	0.66758033296125	0.63182884987476	0.755109183476578	0.629946832016076	0.566343938834121	0.750080843557222	0.52448971668746	0.760280899084541	0.938202762861096	0.57065588644414	0.999939835661726	0.770087079692346	0.911355346652524	0.757666990847284	0.963079504935627	0.619129769456071	0.788651370234489	0.99754761574729	0.949657792537867	0.857753929584554	0.99060475866923	0.771390249308849	0.780490154579193	0.765331531189103	0.757727662224922	0.886756571518827	0.889642851226652	0.791635455087584	0.845323380222227	0.797362321981589	0.845404807430245	0.852668015536797	0.776199894298701	0.870317002184897	0.86832913636826	0.876375838957197	0.919831094099605	0.994265950369877	0.617381253622935	0.732167097470144	0.678469506698788	0.651547252773602	0.763727907118721	0.701380140847716	0.58240024020943	0.79661386499971	0.705972331956739	0.994305121044315	0.723825155246517	0.778308490095947	0.75270413814986	0.754844440967303	0.842098803580456	0.626525792310668	0.654106908655521	0.748757874123416	0.66941105708526	0.640419169167511	0.714095964732501	0.918231465996973	0.752193179714152	0.579532229345457	0.892967882017903	0.857147623699533	0.539138312817784	0.795547950752401	0.691686601773002	0.738165329770048	0.990380797941912	0.977281033327407	0.826899805967369	0.99550754700867	0.74350361999462	0.972685753474693	0.71155088499257	0.999711141511448	0.887752185517873	0.826520454758584	0.783790955011901	0.756645801027944	0.850891324442739	0.794297561625435	0.790822277278458	0.929944354188866	0.922467886484884	0.767368262323994	0.914326653158408	0.836054813457187	0.884424021838295	0.801120430411699	0.82037349325573	0.933111358884114	0.896150758856199	0.908936421453018	0.999652406573172	0.691548346879556
0.760818080900611	0.657134448710953	0.673676682543535	0.688984101087809	0.679516699548165	0.499268820237303	0.673525170905592	0.578267691577113	0.839906184873505	0.529620816595013	0.659306245542615	0.590873456772759	0.639781109368946	0.652079721776565	0.416231484847023	0.556187978910313	0.66758033296125	0	0.420354021542716	0.458225171266889	0.353401870495642	0.531440446735372	0.731280405692657	0.464680083666227	0.622331343239168	0.9701497881592	0.642636295208545	0.995015679322749	0.79229820016443	0.894110429173722	0.760419543924553	0.893847276727233	0.605576573426976	0.545041896853579	0.983817268937819	0.958675228063063	0.90073947267761	0.993942049362202	0.88442493929678	0.795860317648153	0.85764772361168	0.801643787231159	0.913046544318383	0.874616388534035	0.842362576080148	0.93013838863058	0.857160208808962	0.900249125217643	0.875227796220436	0.872631986271463	0.928618859877238	0.865792063001738	0.762318767582753	0.95867591555168	0.970374882831333	0.644288142615094	0.619746965598451	0.608329041042069	0.677484593045679	0.702669000239429	0.698579612459395	0.541881236993491	0.679608846572378	0.587778815728324	0.995201088940899	0.549580873899058	0.742457102873026	0.613947115928023	0.62810920068025	0.672677598978688	0.50706165203918	0.668649934115199	0.75406669929367	0.354657689457581	0.599039051170592	0.57919969785091	0.692056752235418	0.644681809967625	0.527041080970587	0.835199831122819	0.878814317865811	0.689975469577438	0.711325826069656	0.623384205997559	0.832776517872312	0.970402458096323	0.938843762734706	0.877972004202597	0.934381725303759	0.860120611503436	0.971246083485769	0.750836447270202	0.999467762554586	0.932116148451969	0.915788782616274	0.885654146172168	0.732516984865399	0.920183467504884	0.83904657629454	0.866317748305126	0.965677983870158	0.981485317875703	0.811428714174466	0.978424763816818	0.860248332551238	0.961818677481427	0.887589070135614	0.890329750741071	0.938002608021545	0.880544545614768	0.896625068837593	0.988367866586925	0.739176490581926
0.815085329557726	0.629181823432476	0.675063151880723	0.675613585349507	0.700241032374595	0.452571946178649	0.548219459548025	0.421617234249514	0.768857506783533	0.479079494162838	0.646312226961375	0.613796937544398	0.616506866606073	0.692845806137565	0.499314551171417	0.452935348047255	0.63182884987476	0.420354021542716	0	0.490277716697022	0.48218600753934	0.499506553510801	0.744515823129972	0.518902832576092	0.55572336988646	0.929663848059133	0.552806581892135	0.990012689701707	0.784497774049402	0.898050000274255	0.669443830407774	0.924816359918539	0.542867628676073	0.439333742810714	0.989291004071173	0.926246293241901	0.888673165487336	0.993996225874974	0.8664914497109	0.75268718338779	0.815410624756021	0.732203983145994	0.87012882135765	0.889368082975844	0.793167142523904	0.90357392196336	0.807867148096309	0.88270749232535	0.889251388499745	0.840931288961865	0.861691929175625	0.813507798153426	0.829357427710838	0.911725489816281	0.966258690227472	0.628341055734289	0.642494977170909	0.609665605470058	0.664592763667788	0.708136621965561	0.704770557028305	0.432220584366544	0.581942635689762	0.429997886248494	0.953728595583588	0.534659873425618	0.700996294420778	0.589303470619081	0.642881344235499	0.7985940368664	0.513328920233494	0.595276616242846	0.698516376798857	0.465926111748198	0.516646064321312	0.468313848784506	0.726160275100821	0.539344990435325	0.311727802812961	0.837008234615973	0.896871184234188	0.65338552296896	0.591722026496104	0.521153964533442	0.738160026561925	0.967406059151356	0.932721023564422	0.855624832680248	0.950167674217314	0.802366679229521	0.966616662880464	0.673705955822117	0.997664244188414	0.906488097341793	0.891797387446316	0.850620273786675	0.713086749670806	0.870720231167816	0.806118455897765	0.765074079390714	0.972466740538087	0.969745799140934	0.775780603559787	0.960734673626218	0.798954909635297	0.94807378280592	0.88113224565624	0.868915936261611	0.925608138714407	0.848533808699743	0.867497299516896	0.996840735272359	0.651395221447247
