0	0.660360571778644	0.715073469114826	0.805845309911234	0.865357308711575	0.8707728601587	0.868658982750283	0.932669935948842	0.962663398635391	0.833860633063787	0.900442982909762	0.873759656794408	0.84391059798267	0.978456931208425	0.838917478543744	0.901143627660518	0.951439093928756	0.987607917965845	0.961085956063231	0.876770872730421	0.92769958371454	0.924431122476179	0.998026365385505	0.92908195237315	0.920399089905739	0.993601590328537	0.937850906653727	0.942710096746752	0.750690722940248	0.814973227151923	0.885423685314495	0.957511028043454	0.836908443131721	0.927271852482033	0.868495985120289	0.87257211212406	0.965142927000162	0.882065665797275	0.935186002232537	0.896094944415177	0.972877541608651	0.892547391935263	0.969052059886728	0.913920505542983	0.920578560795843	0.842426880284083	0.868310817030219	0.832620653911912	0.980361592219602	0.953861568116302	0.964793731071418	0.88684763627813	0.979822224970992	0.937197076471234	0.891842549057282	0.893979035305393	0.404232840807181	0.710990096736417	0.756724992812843	0.838373948043914	0.899669101996094	0.858579745179927	0.864034597251689	0.916550735044219	0.993853368371779	0.840922773730123	0.926129731543386	0.91671750905437	0.815404328554164	0.966342660615987	0.918420956869927	0.936606042470867	0.969957411480014	0.931244679252322	0.972319070828784	0.984696069839093	0.866911024396191	0.885707462237344	0.911412680999409	0.941222281136167	0.932152054438267	0.839513398726713	0.939866295843937	0.916673122400589	0.930134904873667	0.96581908696686	0.938706811038374	0.750020111552672	0.848667222120859	0.872970744543164	0.946221215486639	0.938554329032757	0.965129164798125	0.775832273928106	0.935005355662876	0.878880151362674	0.894272701730906	0.922252198044242	0.867092229622252	0.918778915469027	0.887102214007459	0.934692127848532	0.877909898244648	0.824379385817403	0.869740498888653	0.824934330836534	0.904942884748971	0.920913390468363	0.840904455703849	0.989836280768817	0.884866578090821	0.867430473453921	0.895233787060233
0.660360571778644	0	0.81256354331514	0.74791207989487	0.79725044871856	0.933724912007872	0.968157319756757	0.993472034294127	0.992654669145059	0.923485629749008	0.875913029670969	0.65465614117738	0.884257624016338	0.987184163852526	0.858743969270949	0.905148060339173	0.962043741019497	0.999955560872121	0.99806448161573	0.961401621804581	0.983532687135356	0.968469461615518	0.995755305336641	0.96923530314598	0.958413215357161	0.999945500787142	0.994595468562387	0.933666521942997	0.883996379861342	0.755813075066674	0.926628812907294	0.891556228359782	0.827309732019262	0.972473805313845	0.921435933618875	0.901502598360333	0.99235310569473	0.923545435533247	0.954993436249535	0.938629990431779	0.956604610922697	0.876944233116147	0.998570603927397	0.962751952052877	0.943362128540041	0.919200103466241	0.941528526749082	0.89839297764888	0.997297633478844	0.982920908472298	0.996252853987627	0.964348356493001	0.905718897784716	0.896301630959238	0.844850453623459	0.917302019073022	0.745019946337655	0.35382936594367	0.848418802271124	0.80569242357561	0.825683941422883	0.875949412397751	0.966313908402879	0.985236827599008	0.993665631742908	0.923707442509849	0.696396559880914	0.709051095972526	0.745839608306139	0.89481225415137	0.90376820909569	0.931143543226303	0.907800192474915	0.940495628254336	0.994754210085036	0.999663560563766	0.932194594557263	0.945631776512949	0.952317473904389	0.967547376102027	0.957640230632738	0.834173898348974	0.959975740785495	0.961598498072576	0.961290283881464	0.990289570895834	0.89718332430041	0.861972125604179	0.6674303040514	0.885293696905633	0.911015648842186	0.867989310449201	0.967203320770738	0.796232469235123	0.960881722470565	0.852687967287515	0.894233467205061	0.895221795300394	0.812603340385283	0.97162522165623	0.910723085641068	0.913308234390081	0.864464210001028	0.901482927955058	0.943482688474488	0.824583227996021	0.907959746812658	0.941130199402521	0.825589811925365	0.921500994934139	0.799254226561965	0.725337287489859	0.895602576387806
0.715073469114826	0.81256354331514	0	0.437976427732968	0.47607713174882	0.908347467125336	0.870704340829898	0.928530576578106	0.961962230721738	0.863474163795406	0.95988059154342	0.795101275120863	0.902913880168239	0.949477724732948	0.912328906458537	0.916244902901704	0.992311405007025	0.98282399749791	0.979845464353229	0.901807151003246	0.859695314537205	0.921981055325648	0.997934762223969	0.875724095571204	0.919327950885936	0.984632917795849	0.928877920093189	0.98402256563983	0.838707707375065	0.940832878637863	0.938332033387988	0.951949334558638	0.919276650631968	0.954626667617106	0.849202015801213	0.955629352412	0.980380267208472	0.9112449725835	0.967995603716806	0.93708333115637	0.992683523915414	0.708673081469062	0.940833927359158	0.956159494733953	0.915877296466749	0.825425067506814	0.896442563008646	0.882170619997866	0.974563121053393	0.945616139440034	0.969290451737625	0.911942927117675	0.913319737933553	0.692002848328433	0.846640814172924	0.864950767397933	0.676675887017879	0.74433018667075	0.357977097011764	0.523961335287223	0.528099596316188	0.851449157432381	0.891396986704714	0.909258210516582	0.980002632300978	0.870420865510202	0.921216315279225	0.869435290725006	0.882778407398788	0.983248542788682	0.889027038836262	0.947472812054828	0.996280133338633	0.956244037967463	0.96010999734416	0.994148323672168	0.881564697452787	0.822089341729129	0.933522078881123	0.942873890919498	0.957696346649896	0.844621139275576	0.924876827027359	0.868795375753112	0.940221593837146	0.969276559235008	0.981196018523723	0.849854764906383	0.933308471293977	0.916137245771006	0.947470571724486	0.956696077164714	0.969407512843185	0.890319585478913	0.914101960709169	0.836760047896891	0.86610109157144	0.942230791043314	0.711505907966128	0.90292367444903	0.913396146549147	0.899675470302507	0.797744319809195	0.825922058631722	0.846099484420906	0.817154853751766	0.902958869887634	0.899813920887835	0.90786143895084	0.901469287744735	0.724669114363767	0.905492358091862	0.877944297132622
0.805845309911234	0.74791207989487	0.437976427732968	0	0.37481703528993	0.90944719054267	0.902675054914815	0.958150079566196	0.970784180900539	0.899936562253597	0.969061549068179	0.659742601360764	0.950702431105554	0.978497009201351	0.92265336719951	0.928447940208672	0.997214002810465	0.995985809123672	0.994913620989755	0.924371539629033	0.909761978889189	0.946864131090601	0.993063992720089	0.915656763577858	0.949041468257595	0.979679038665123	0.969940592611934	0.967656202998487	0.900631269466956	0.906779119357464	0.971777557740901	0.93940723396923	0.93500702847848	0.966153179060788	0.858341553296809	0.951292100036761	0.995501702886154	0.937123781485805	0.98731522927641	0.954686002121864	0.996044018264239	0.755523865828726	0.98359854725951	0.958185136743691	0.896104462236692	0.862282103242825	0.926869309561418	0.895004181697366	0.969632095512549	0.943859060568929	0.966948388717492	0.919042984027189	0.8048213277739	0.562132093594845	0.717382679232286	0.872412804057309	0.800608651340884	0.677530543759665	0.491149223813747	0.317764535895747	0.389788963489061	0.821819331835246	0.919809758893403	0.939875266625746	0.989935244829134	0.908920364606293	0.82743691029011	0.739044365416612	0.886138271883954	0.972292675915606	0.856065532084923	0.947972453861152	0.993278809918074	0.959592478509599	0.966767909551012	0.998835523824472	0.909974094988633	0.88430970476006	0.948483103683532	0.935739069952134	0.958697899668688	0.902399825976519	0.926709187321026	0.913040202506994	0.966622335704443	0.980949141176116	0.954543577408436	0.903535340155058	0.888276077714563	0.954247849289606	0.943503209642607	0.91887035838298	0.963891655795215	0.890207513474006	0.945113915648851	0.818397008751827	0.903536779088392	0.948588250020211	0.70234609771895	0.956611480845581	0.888118334608892	0.85141899069326	0.771137193218157	0.870012266020448	0.909197052876558	0.774389336145419	0.920515109509896	0.895055646415868	0.87350240604515	0.794916899854977	0.535738709992186	0.782206976264074	0.876882572111204
0.865357308711575	0.79725044871856	0.47607713174882	0.37481703528993	0	0.877461211904557	0.879542002757519	0.947547126046067	0.979545220342328	0.920192567273338	0.943202184663354	0.674127666902661	0.886935519693017	0.97194988001161	0.861283957633917	0.866527852362317	0.976412053908811	0.992127530364498	0.994787887973916	0.943346523646415	0.892688183600265	0.905502405172397	0.997345532421953	0.862388341785402	0.908916132522693	0.975558148220988	0.953775797063604	0.996425459571483	0.944603097040825	0.959975174770463	0.938633312029832	0.895844941334078	0.912139982917686	0.95056957193825	0.814520139360958	0.965277963628765	0.991201703742998	0.908699261307189	0.957012693663387	0.935464693186452	0.980069300565905	0.669761428249788	0.945185912629147	0.970736003180409	0.886654458827043	0.882033512070118	0.930129166195179	0.921172363551667	0.981030895031388	0.948953400512158	0.969321581830556	0.955979974259061	0.818942208808718	0.672620767598151	0.875427546838735	0.885544985382058	0.823095078900615	0.703962309517736	0.508814379565473	0.468111208385357	0.223804614040764	0.789732480845188	0.895265161944772	0.924321445204428	0.983846258331204	0.918514256319282	0.832682121819551	0.80356202103624	0.824176269078712	0.959233178396346	0.795443430094984	0.88598716859864	0.95884409417232	0.950228691869421	0.958327042846843	0.999965358376135	0.921369704343393	0.843980756176038	0.922944552271975	0.956050869433344	0.970240649812446	0.818164819215558	0.919056938645676	0.86542195885064	0.936597817817675	0.955386463057848	0.986132942336473	0.948727642476152	0.942481884468379	0.909061670784333	0.890436851832862	0.908041626388944	0.947730235381517	0.929104740196213	0.929365809593066	0.788975919688444	0.845153474345938	0.925587122510531	0.65125973054052	0.905118725235202	0.955462760524616	0.893119211095526	0.775517999186709	0.888265082759496	0.9055402551417	0.816250093804379	0.951340837384122	0.891949447779967	0.92442201940285	0.846784615062901	0.714738806926369	0.907097284483755	0.874772383484603
0.8707728601587	0.933724912007872	0.908347467125336	0.90944719054267	0.877461211904557	0	0.830404371716978	0.714512281628735	0.929121845440318	0.745925753239369	0.929378742030282	0.921488773422291	0.786590936145131	0.980272381507588	0.644628858813053	0.698201284285502	0.808316417934215	0.849087287075029	0.748162836813779	0.852889813591841	0.779808024508196	0.593230637904177	0.991290714632767	0.757154875301477	0.686093080558853	0.993532065630218	0.770687467065233	0.978503715159347	0.946481251255283	0.98790323140325	0.896938113550606	0.933581087108003	0.746342495364059	0.714892796019535	0.739699735889013	0.920362923722606	0.933423671572157	0.814953934757642	0.879729126046912	0.676417411387238	0.967558662466028	0.828634752422476	0.8281118400618	0.770367623535804	0.686011188353695	0.707025349304195	0.654117489311538	0.709187879117676	0.83200944686941	0.695949545453614	0.782775714795538	0.850880860368443	0.978395736840359	0.955763204728551	0.993979090114491	0.704926106248869	0.839826955762605	0.919317059011085	0.919716956955309	0.922558467062828	0.906005446575543	0.495531988299568	0.829554853513218	0.701781050754549	0.979965105591059	0.720322696209727	0.915418142633653	0.969543075174875	0.802257416466443	0.948023029072577	0.686602890315988	0.727196512327812	0.813658321595247	0.726816533442119	0.837177729503611	0.846306607638878	0.811485659291465	0.794145083623336	0.529640660953445	0.860156234118033	0.832226928616888	0.732152833753284	0.807001786284215	0.732794791146592	0.729512175820642	0.856982593390852	0.995055489072566	0.984336796155107	0.996497674292159	0.857242591042443	0.799016494031578	0.773021557607891	0.929975784524942	0.952166943728335	0.94805503396285	0.753135493350929	0.843215417899098	0.9505767768841	0.844892423749375	0.84366672042897	0.994297127462243	0.940346956787386	0.814855559430996	0.793061187621282	0.745064884972241	0.820629330835309	0.944795224375465	0.678804420275332	0.932163598245229	0.9879689161313	0.937901690408189	0.987902242280598	0.713996607250521
0.868658982750283	0.968157319756757	0.870704340829898	0.902675054914815	0.879542002757519	0.830404371716978	0	0.619885824274579	0.943150382754412	0.765235991713233	0.971720760521034	0.963692494133619	0.957178818028489	0.989856225911782	0.924438585926953	0.983398180798357	0.988162951661903	0.94294393381548	0.943766394436666	0.833420447852933	0.82139404414359	0.902239420219313	0.997097131840091	0.938597737176354	0.915074324066359	0.984383649018781	0.877600130631856	0.999980334980463	0.968951179375252	0.98959398986934	0.977285287977409	0.997321817760056	0.939459898144108	0.833534206400589	0.870495214948773	0.971682352711856	0.991290396233734	0.953712508195166	0.95638249033202	0.963988026180579	0.999993651773709	0.94175484827906	0.917806119776494	0.92504653801563	0.897912220131934	0.864703841615256	0.907545504814551	0.83731706975984	0.895634220077916	0.881012489752442	0.914564290019348	0.93879449270355	0.986923737545538	0.968066584831722	0.993202130763574	0.819223887839179	0.846406091316183	0.940105839723949	0.895677072222131	0.928960735138392	0.883729196632997	0.842058673672197	0.246590970679565	0.617377358391083	0.99158557131463	0.771205919182861	0.910613337582114	0.989268082473392	0.934439101668226	0.979931737720277	0.861028675591325	0.960727408323109	0.973737502203696	0.874225122578539	0.894706092388818	0.972250906110002	0.876729643597134	0.936911446458771	0.883503540780315	0.863614659581763	0.926796631941124	0.925405310259115	0.85727922657087	0.928607911758811	0.924246632794322	0.880545872562983	0.998758872546863	0.978398145146908	0.995594444493336	0.941554535380864	0.981407720933069	0.84079464474546	0.955904945789916	0.996034191201169	0.995590847861351	0.897128058213937	0.979136349009708	0.999408953200344	0.902021116365735	0.891894964403871	0.999997930376529	0.924972301012848	0.921970952708808	0.861301222737034	0.924760830579918	0.86928231676881	0.96161600101429	0.855020874641852	0.959043014243114	0.997999599945381	0.96429554069303	0.980160338199995	0.776064105031057
0.932669935948842	0.993472034294127	0.928530576578106	0.958150079566196	0.947547126046067	0.714512281628735	0.619885824274579	0	0.811661701393401	0.583221027033525	0.989139795190706	0.988885681350416	0.946789729533562	0.970323946002439	0.896000999128176	0.980354661005437	0.966431834422175	0.738489729556497	0.762210460560512	0.684314338102845	0.760232672278863	0.789806370357515	0.998794152334639	0.882898421369778	0.88516211044591	0.988463483816089	0.755650214614594	0.988644965518054	0.976672905472119	0.996157908859508	0.963573268665242	0.99532648867682	0.921957115823588	0.79524350271173	0.8887380328083	0.955303520181315	0.951941298095085	0.945739754791289	0.946915320759583	0.894168161508748	0.99800657714375	0.924173072806001	0.918319693262831	0.865655489857216	0.877960482228963	0.812795888090251	0.815203201110704	0.747883482701476	0.778305722788591	0.795420425346083	0.858829924526478	0.889719771554841	0.999331194971369	0.965569075226685	0.999907194658015	0.682063078435493	0.875926886570926	0.979944258336044	0.952137183303243	0.971573870779895	0.945218180239192	0.776218714557132	0.658178200131343	0.304924445497228	0.99682020890991	0.58928327575574	0.965940911269129	0.999996741699531	0.962893933747714	0.98955315086745	0.8518561003561	0.957044209476027	0.970748716654074	0.661874451976904	0.84200953734117	0.840530970039834	0.815565312892478	0.913490537703611	0.766222334646729	0.799054914256425	0.863115311856054	0.912750389131466	0.776269409669318	0.901071269263584	0.864267913099114	0.891457704599698	0.991667385020102	0.995359210698555	0.998643953070836	0.948813705319183	0.978521319364134	0.867765861972714	0.966822841856448	0.994869557968629	0.976314839865992	0.888881009507151	0.956411527289432	0.998154423841738	0.922799446179691	0.946034371407226	0.999693928116768	0.9394244189264	0.922738467597787	0.839094085663237	0.848342235994886	0.872006882829752	0.961189228225452	0.761445201425618	0.968660128308211	0.997633362728678	0.966843047117182	0.996096244895133	0.707221714721401
0.962663398635391	0.992654669145059	0.961962230721738	0.970784180900539	0.979545220342328	0.929121845440318	0.943150382754412	0.811661701393401	0	0.805940509913408	0.997715784409536	0.99058055115932	0.968882639409089	0.961891303542673	0.980160796008327	0.995757294838817	0.996536185096447	0.894293676159269	0.950690810990761	0.790500783417226	0.926421503308826	0.857669764426165	0.995625662348626	0.947163523013191	0.967534794509647	0.997937792576543	0.839320405577404	0.958187055238515	0.933747585108405	0.953132885227255	0.949881761760237	0.978131466060948	0.950649121319859	0.98350133885688	0.930817828556294	0.912293052118598	0.934759072872091	0.920097747270885	0.928587360672794	0.939544916667632	0.957713420242079	0.952665545953157	0.954551726547561	0.972882627904938	0.985615430728752	0.941026354588516	0.908269450788325	0.867342912722189	0.950296151658127	0.973072798414701	0.982872781962844	0.95522561919104	0.999481254054631	0.980276113771842	0.99158804504273	0.834558587741111	0.95933968486684	0.988453988323625	0.982337773388214	0.984119187883822	0.971023493208991	0.906740724560881	0.942810451011574	0.847199506207251	0.950010519544824	0.77729913941158	0.982736628269842	0.995792745734011	0.985811614963462	0.995301990106243	0.972476557280975	0.989883999436777	0.994892647544792	0.866051458590952	0.98645259904614	0.973836601414322	0.892940910719844	0.930742051789897	0.906366027474722	0.92920735284961	0.933121138216055	0.978941064854414	0.974322023074373	0.976173118004086	0.89561611170659	0.945723555994388	0.973229226711468	0.972413616544624	0.992981715322219	0.9658355322515	0.99911258170987	0.989129119465358	0.998987387506805	0.981322076511948	0.973167317522363	0.968365458015375	0.996746084862263	0.995050313358256	0.968711855061813	0.971944368896079	0.995580235611849	0.987895968040889	0.98381046158294	0.947958234411524	0.938092107697304	0.909208360193736	0.966489407430293	0.95323774090869	0.971966851666573	0.985754323044764	0.986767488997556	0.986108660231455	0.891446942940784
0.833860633063787	0.923485629749008	0.863474163795406	0.899936562253597	0.920192567273338	0.745925753239369	0.765235991713233	0.583221027033525	0.805940509913408	0	0.981927449263383	0.933592487239	0.923837558359715	0.955213931244973	0.894694757968946	0.96560442251918	0.969791050405273	0.812856612155819	0.808974499288059	0.619354246372636	0.73206814643682	0.792170003775754	0.996789856963101	0.882313208362225	0.873348464322269	0.991310008342869	0.770754438316186	0.996472603706917	0.872534644089311	0.915570404160987	0.943981142616519	0.976643945339452	0.844015264747611	0.812547735999892	0.877125268433702	0.903543871742627	0.936675475897333	0.89501264656079	0.915267814492555	0.862114166874438	0.989841731180606	0.899300748603452	0.937679923732161	0.813798087956447	0.811571504121492	0.69389193979133	0.758718106003975	0.518645799425629	0.763337544427565	0.738912871212693	0.865220882699587	0.796909462586581	0.991631820555797	0.948913606738538	0.98463611326509	0.437063943845444	0.820851213246382	0.923989190613608	0.918399744151589	0.93152340133521	0.913739113181136	0.803197220328686	0.802432318819622	0.637646837131044	0.992595891619972	0.303296919482992	0.906591108324952	0.981839739693568	0.956119065318004	0.978921845659889	0.870192389245235	0.964038894483618	0.973968003881791	0.704897212463288	0.850884470945819	0.913269115266746	0.766596582374036	0.884773526470651	0.746813512187064	0.698364661622501	0.822146262988189	0.885774182449879	0.727751988891627	0.898758692628734	0.861025640873146	0.944221654028838	0.991533790935823	0.922141732018929	0.984517877239269	0.941619225857147	0.978381140114423	0.80671966363875	0.939750594961703	0.93397187653514	0.942974862553769	0.79939510800355	0.930982795893129	0.981837563536708	0.898962529335309	0.907020507188184	0.974995072393874	0.853679052988977	0.861593295121329	0.692830951132524	0.797342096652259	0.692274462264383	0.817180062221745	0.665185481521376	0.870627654136334	0.997349044849864	0.912026504379295	0.943379418419522	0.480583768214444
0.900442982909762	0.875913029670969	0.95988059154342	0.969061549068179	0.943202184663354	0.929378742030282	0.971720760521034	0.989139795190706	0.997715784409536	0.981927449263383	0	0.918487447761878	0.785237342742398	0.939831821536301	0.709481043215881	0.86204905996808	0.691091964054688	0.985543536148638	0.976331093970255	0.979616579876553	0.992242022902466	0.934978274576969	0.998577447092267	0.99837187969859	0.965353076939814	0.981566243168246	0.99635672103898	0.995872318995929	0.977070305908492	0.912180046875417	0.916417380613622	0.973425033144415	0.840832304500161	0.944284412779426	0.976071082153908	0.99540477009232	0.997823631585887	0.974970766647166	0.863303536240514	0.990232921254008	0.957924851673059	0.992762819768605	0.998310512100153	0.994453734816859	0.996091652052541	0.997515473847367	0.986285990478423	0.968040324719253	0.998412866346031	0.999063953564266	0.999673950113667	0.981959003074845	0.997159237976868	0.999966783158509	0.995339984587652	0.996254680154418	0.875649727500518	0.883281877499985	0.936530134939399	0.948643681961734	0.949702524042578	0.848995537316216	0.932015435727109	0.97308447113895	0.999893844070885	0.96620366903391	0.859514717568332	0.977679177714131	0.777107650158069	0.72187455798165	0.798741421875243	0.756300721047106	0.815789242526077	0.886590820917455	0.990749597961686	0.960537014910459	0.981840257341343	0.985748192411245	0.960565806956177	0.99198535074907	0.993129577025518	0.900302905819171	0.996288319597725	0.970567129794807	0.984031953477229	0.937843593655539	0.971289880507981	0.984338489527139	0.946740499440049	0.902125106677444	0.880366396321869	0.953041927404677	0.992657840685121	0.943622764830538	0.999855556852914	0.996622332699015	0.969728826559636	0.969155857546172	0.983868430354659	0.979442525243039	0.988376643957273	0.99740523812058	0.999945566647892	0.996342650573159	0.992906392719718	0.993659768085136	0.971669681349893	0.986724359992461	0.978269125938671	0.988445372455365	0.999846920580345	0.970263207299137	0.972166120794552
0.873759656794408	0.65465614117738	0.795101275120863	0.659742601360764	0.674127666902661	0.921488773422291	0.963692494133619	0.988885681350416	0.99058055115932	0.933592487239	0.918487447761878	0	0.928026144779558	0.968938440516668	0.900200137647629	0.89772419589306	0.981219926316623	0.99799127406049	0.999972645394118	0.983005873822735	0.967001166061753	0.973506113375114	0.999151712965335	0.95482517152151	0.950620044968924	0.972833995461284	0.999378244901913	0.972310357387828	0.959274283568683	0.83162226888545	0.959083523009069	0.908510260238617	0.823767796855865	0.946610802266044	0.879570137928811	0.946694475428525	0.998865144603381	0.953972913468192	0.95335676201819	0.946724411607756	0.941586844721765	0.806109028099233	0.992626426220235	0.990110239474651	0.928085377301002	0.947205751858491	0.969756970431701	0.921631804370804	0.993834284937109	0.980438137564841	0.997178697619656	0.936679236165813	0.679630470409247	0.77184962964415	0.822417209532426	0.908847054010812	0.896281625701827	0.653225078282988	0.785188441863985	0.67231209720786	0.656290864160403	0.880100052331654	0.964993361806404	0.992412278322788	0.995069719907398	0.935685512659771	0.725614962484626	0.573860688038853	0.858271471870904	0.928838239001909	0.904083275316268	0.951176415541421	0.955811711344973	0.968264805010795	0.995027392002535	0.978466940068886	0.982371767389875	0.952671305316678	0.978283633447615	0.952963572667836	0.982000517098157	0.862293352132705	0.939463261503482	0.946553079886382	0.986918660172944	0.979792580382441	0.937448024512967	0.952599233677271	0.785798092218059	0.937455636070231	0.9248937642222	0.779974975285678	0.967959317020817	0.872896415346441	0.976034165024099	0.791155708580194	0.883948649939517	0.84571864102139	0.777687942748656	0.945447024209735	0.952812200927903	0.861723052120436	0.804130665868831	0.913221279543094	0.967887668757148	0.773091269755942	0.952506381265207	0.911390234163533	0.787837417660553	0.827411352019298	0.671006685726696	0.770472758613018	0.847332110968302
0.84391059798267	0.884257624016338	0.902913880168239	0.950702431105554	0.886935519693017	0.786590936145131	0.957178818028489	0.946789729533562	0.968882639409089	0.923837558359715	0.785237342742398	0.928026144779558	0	0.974387295673924	0.531541667913158	0.542721286079718	0.752034132689872	0.962630193400322	0.938217888781911	0.96427050621452	0.887423561428857	0.767883519085669	0.99910653385461	0.863197427092732	0.807477865724668	0.999950856314611	0.909967211294461	0.982201892697936	0.948916976758977	0.962781798995002	0.588378918124262	0.732824604720086	0.802397827198909	0.939424618986647	0.874611432022219	0.960061189368553	0.844997345989294	0.79701299300854	0.763985253573322	0.829862233633232	0.865548658598932	0.769096638922666	0.868606700420691	0.911998272006577	0.911311989338407	0.884704937017776	0.897888344387522	0.93207042432465	0.98692937528023	0.958927999667212	0.963909150348636	0.975749150949846	0.999942981303899	0.985381914427503	0.996382883889641	0.936981181324769	0.787159765066701	0.876689609012825	0.900618377039541	0.961195518944728	0.925080061385903	0.774837918022623	0.943980766378237	0.92331003244395	0.968909031142454	0.909067644050979	0.970727123536007	0.973317547524471	0.513918918002086	0.935509767241568	0.779289067487503	0.63997202163768	0.809394557124194	0.875259076735816	0.948008453839582	0.92123315834107	0.940466142569517	0.772266848185377	0.790256972182148	0.983724093748233	0.912628123039181	0.641488846601974	0.934463416970062	0.784540306936042	0.82958591764834	0.935284077428485	0.996112176055187	0.952995247153916	0.963641230917781	0.527218801957955	0.636725541234881	0.947875615060669	0.991700215709143	0.907830698498199	0.828755390698339	0.843379419575266	0.767268815878447	0.865403608463617	0.80167880592043	0.819118891712802	0.99995773710349	0.978689733067241	0.926369615049991	0.889208644615152	0.893135682678319	0.934437803815114	0.974271735644737	0.909853409783075	0.976612157165209	0.998478732588637	0.990473580661054	0.998966356052747	0.926662828472686
0.978456931208425	0.987184163852526	0.949477724732948	0.978497009201351	0.97194988001161	0.980272381507588	0.989856225911782	0.970323946002439	0.961891303542673	0.955213931244973	0.939831821536301	0.968938440516668	0.974387295673924	0	0.989640341513544	0.990512919514158	0.991606636454298	0.876504244399993	0.952515702916961	0.914736225495756	0.954770685380317	0.959463453956465	0.934707646729725	0.955034072990441	0.975811094411292	0.962467935200416	0.977650994294029	0.977252798387227	0.937660931674713	0.938363480058371	0.966526672331471	0.993700489506935	0.92059852184524	0.978548565434394	0.988379052953928	0.971950292194966	0.968391772515822	0.993170875523202	0.99073217536101	0.979872111036397	0.99117339659571	0.970103547126188	0.963926782457689	0.993176466274381	0.992148190938358	0.984297918049991	0.990844510562273	0.936932281283148	0.979816701761917	0.986229472698342	0.992518758507969	0.893436291558048	0.997814345969512	0.96661224461689	0.974114360410795	0.972867308747187	0.947019040405894	0.953686832934207	0.95795033102023	0.983241106433056	0.965523027457587	0.96280971404915	0.989882723526786	0.979698405508286	0.995688331290805	0.944519612956824	0.958702098645073	0.999088660179646	0.97643038672804	0.847169785005847	0.974723741526005	0.986988511944643	0.999355663053336	0.944289389168472	0.999225833252805	0.935907114415093	0.911236766228821	0.957774947045101	0.973141910321006	0.992264060915943	0.983060786912333	0.966738765694132	0.990750793435996	0.976702712740505	0.971648155402536	0.996282178746842	0.973941112221122	0.968742458188938	0.964086682881757	0.953403181015467	0.995164171552406	0.969074240474045	0.993244743231292	0.970744221154578	0.955495219386576	0.981217013872362	0.990813102167662	0.988269909184202	0.969590660275166	0.99262909958055	0.998966749237162	0.99862221784841	0.994918117188313	0.995400944953619	0.986621819482171	0.986899013701266	0.942575987193125	0.986347828700075	0.969989524398222	0.999271346004323	0.99712763660054	0.996123126515883	0.973389240622883
0.838917478543744	0.858743969270949	0.912328906458537	0.92265336719951	0.861283957633917	0.644628858813053	0.924438585926953	0.896000999128176	0.980160796008327	0.894694757968946	0.709481043215881	0.900200137647629	0.531541667913158	0.989640341513544	0	0.578367421979236	0.535759456925873	0.922859640517777	0.869946599624494	0.934460139515794	0.883391701002028	0.699877731264978	0.9996882933847	0.863100513087028	0.792416589417192	0.985190120290112	0.914295856767835	0.984871859257617	0.952989538674672	0.968086468015632	0.795629347936046	0.878880057708436	0.807950004924575	0.841843960040322	0.868418587366516	0.963717146477143	0.934414626113524	0.864296452465431	0.840652749471531	0.832193838195793	0.942640074482878	0.868334663669916	0.93498558741737	0.874687863339166	0.843032088058772	0.875126826580294	0.832861344287805	0.881787158007813	0.957208878376992	0.893658505845756	0.916395514775121	0.9580105487791	0.996595626644154	0.985722416309576	0.999993723481262	0.90995492572874	0.786210880371601	0.860046447252858	0.887913689918439	0.918634403746692	0.889906494043747	0.617878964701648	0.896814071331102	0.858006005350038	0.983005563226666	0.875012887336445	0.92201006739012	0.963290251535486	0.602312348581584	0.878207158504765	0.590365192290698	0.509057862961272	0.69004869121417	0.722918493810447	0.92914335677853	0.874807505145771	0.919272267694719	0.813212523562866	0.735197518717343	0.964492832086464	0.900484297655429	0.687169167299346	0.886525870123263	0.816605190955861	0.845580836788479	0.891101178447308	0.99959269270042	0.972401425410539	0.981850334434291	0.767487403811707	0.651626502551585	0.904523923019136	0.971783258699844	0.903679441184916	0.938011654135172	0.856568080976377	0.792905590093797	0.91183714571142	0.862980723462723	0.891922009070634	0.999746964132745	0.976105515217425	0.911985514996451	0.889025603865918	0.857969897788714	0.92178902369549	0.978293695533052	0.8264700120563	0.956144908746823	0.996143918011102	0.969379679693278	0.991772657402323	0.883548085529465
0.901143627660518	0.905148060339173	0.916244902901704	0.928447940208672	0.866527852362317	0.698201284285502	0.983398180798357	0.980354661005437	0.995757294838817	0.96560442251918	0.86204905996808	0.89772419589306	0.542721286079718	0.990512919514158	0.578367421979236	0	0.761153353886156	0.983170066340611	0.941379571823657	0.994427839851359	0.917110695525138	0.72866782310006	0.989714564346189	0.818556591998218	0.732235178283885	0.99912831040426	0.926843538416951	0.977297010974277	0.966805823561712	0.993478735619058	0.834930085903856	0.820525829858574	0.799981606280806	0.930814438964188	0.85205824998586	0.983059478052393	0.95438993085919	0.820331706057427	0.860015658043886	0.787609147911412	0.914800621422662	0.782167243917685	0.83497500314749	0.941855198092881	0.8498535488558	0.898371140723835	0.858153189158712	0.948750813551593	0.996676496225197	0.937225878889549	0.953175246324284	0.977318945781917	0.980275553645591	0.969398220453878	0.999984445065427	0.951359902622202	0.87663737138978	0.90949751114877	0.914898098482681	0.934922130363587	0.912978777252875	0.762435957655673	0.977294519576021	0.971818669883653	0.988984766087612	0.955972717126713	0.969365586666848	0.958123007724015	0.642026734713452	0.939452088450579	0.808966978836253	0.577872429317629	0.771910302449434	0.936213671630184	0.940290033327647	0.941527070759799	0.967920599592945	0.7735713733482	0.758314468987359	0.993992562777692	0.944462215632762	0.6461889994064	0.944012975705574	0.740778024977386	0.818242536661728	0.935169208948239	0.994352119635275	0.980846048771832	0.987395102068156	0.748789475966991	0.533485521667496	0.929754851418095	0.98141522381229	0.942703450303032	0.922772410128887	0.84019395597165	0.77926082896365	0.873921265334813	0.840560936591205	0.790615002627616	0.999333437839056	0.988126963570453	0.874431332082135	0.930208616190825	0.868102394011738	0.956681534522619	0.989138649123245	0.911776252881379	0.971508827354153	0.97941718106143	0.969963538118592	0.999999877456292	0.942663851230858
0.951439093928756	0.962043741019497	0.992311405007025	0.997214002810465	0.976412053908811	0.808316417934215	0.988162951661903	0.966431834422175	0.996536185096447	0.969791050405273	0.691091964054688	0.981219926316623	0.752034132689872	0.991606636454298	0.535759456925873	0.761153353886156	0	0.943535543203539	0.894111317187258	0.974968135215454	0.973839252498734	0.791249778098486	0.999722274249448	0.9553192141492	0.906275605827137	0.992166620887618	0.966269672667376	0.987774255068527	0.989375485447506	0.99502822398001	0.897673104849873	0.969292189833116	0.880713859019648	0.880830183408742	0.956887956380905	0.987148814795404	0.974519254302116	0.938975860628342	0.854069660638166	0.926817427627908	0.954296098209907	0.986228781947336	0.975075733728246	0.940445017326967	0.938903382032493	0.968917921129495	0.91929826515686	0.942256392820284	0.983282337718908	0.953243457809839	0.965911122861581	0.987406018461641	0.987079829018644	0.988919701779412	0.987092586888122	0.978405638209643	0.92385812505316	0.966944628289012	0.973544142450132	0.987084035275372	0.982655077915984	0.828385336064454	0.965922750043989	0.942849893458926	0.998373252752113	0.944494003372028	0.97434810213695	0.999849005277674	0.834159610061881	0.882542143126994	0.759364963856585	0.645756410110256	0.761142319171454	0.837175711542589	0.994197771399381	0.896545432932343	0.98078574369822	0.946244664431403	0.88572993832387	0.999858204944628	0.986882334466817	0.875336590044358	0.98016560596692	0.943068812660053	0.930910642810906	0.887452038412414	0.999964851317183	0.996532777263633	0.999574851926768	0.912100072025439	0.836851268822265	0.972393068915653	0.982966592273846	0.950345095350599	0.994020945087294	0.982835537384332	0.92524172607525	0.97559315086896	0.990643588634458	0.949014164359403	0.993516907146798	0.998663887095778	0.995070091371346	0.97904460376862	0.94727638028194	0.993528234765452	0.9971193372898	0.941801370178256	0.991787792490484	0.98064232281412	0.997761527755584	0.999945753649534	0.965691926929805
0.987607917965845	0.999955560872121	0.98282399749791	0.995985809123672	0.992127530364498	0.849087287075029	0.94294393381548	0.738489729556497	0.894293676159269	0.812856612155819	0.985543536148638	0.99799127406049	0.962630193400322	0.876504244399993	0.922859640517777	0.983170066340611	0.943535543203539	0	0.599165681157361	0.783783873074401	0.797060773516341	0.778604167815798	0.943667648693625	0.85645943324425	0.892738416118102	0.991678365761433	0.83956984060439	0.984387301048173	0.956405091209342	0.990089250331142	0.964264448527202	0.997031484196537	0.908925275121157	0.827057015456335	0.975084420992244	0.911788350657677	0.936999872119739	0.995644439396441	0.981955582202922	0.910958584298464	0.998015306605129	0.9829451189305	0.942402696896084	0.916979213081815	0.917420296485236	0.917242684855763	0.875336260412531	0.830338391850896	0.822262953230015	0.823385480099968	0.863909061155995	0.798834045110656	0.994929204912665	0.99141898525751	0.999541150612282	0.871357895572881	0.966892729087309	0.998696262861313	0.983755197296289	0.997539133999684	0.986725733085487	0.892977117511729	0.948992734924016	0.765394557563927	0.992737637254844	0.819782345287165	0.997654462617888	0.993868008982895	0.992852887015281	0.954462783972519	0.919544042986497	0.975769070194625	0.958818015220057	0.697237256133317	0.922965614181483	0.710852375501343	0.85970961455965	0.921353415219712	0.818816494098646	0.878149662724074	0.941339668555583	0.952201088998142	0.855748320688828	0.935587934253014	0.875071114968953	0.964512611198669	0.989739369267911	0.992899345265001	0.999973499010709	0.979426077819951	0.99942666889014	0.938268081935724	0.986118262249915	0.981339791150666	0.957221087910899	0.957782806409761	0.960898726756187	0.97188451673201	0.990699561047844	0.983633563476443	0.99997640975468	0.990005583247349	0.992673177267983	0.961343996285994	0.883994830864089	0.962380542433594	0.984314605138201	0.851359712872907	0.967078703027896	0.994648709397157	0.995884020156925	0.997588848674136	0.903171804592645
0.961085956063231	0.99806448161573	0.979845464353229	0.994913620989755	0.994787887973916	0.748162836813779	0.943766394436666	0.762210460560512	0.950690810990761	0.808974499288059	0.976331093970255	0.999972645394118	0.938217888781911	0.952515702916961	0.869946599624494	0.941379571823657	0.894111317187258	0.599165681157361	0	0.775970725504696	0.780102455880897	0.746494309801448	0.995871291810916	0.814011097214097	0.803684617528034	0.996772789203854	0.825268643779022	0.968798093943708	0.945165650136624	0.995652685773509	0.971818325524571	0.998631461227743	0.924916472391619	0.800013572548704	0.944268350917453	0.94624039099487	0.943972516489761	0.986862808923922	0.984476077099522	0.848307818141016	0.997459108343186	0.981297971392186	0.937162159671	0.838488001988654	0.888526461904732	0.865250993759701	0.740183252852057	0.826275587817675	0.870967310208698	0.779269595925177	0.872665481252603	0.846950101944287	0.988840495667296	0.988852226266409	0.99977983374479	0.858323588627925	0.938727450471205	0.990970869242325	0.971416751504905	0.992030236723892	0.993646574052577	0.860702795403676	0.95015828523027	0.742916881733079	0.973027265381309	0.797105168679022	0.996777197540532	0.996788536782956	0.97082338463599	0.980592571812852	0.881261985094737	0.933452452215664	0.940493846019825	0.738562163767599	0.912938513676972	0.564965950748468	0.803447607195546	0.880163697376977	0.753581311149368	0.912925025505062	0.924494684691988	0.929973870227772	0.838059983496531	0.873585963748513	0.842998799046468	0.968152360924386	0.97772600417833	0.983984660631578	0.999458876250234	0.960416709437385	0.975605699152803	0.951113634281337	0.980552923709751	0.964539369028719	0.94352428452947	0.958951645130744	0.918862483378377	0.994780633403847	0.983437294977531	0.979640088396809	0.994545934708427	0.983167652143293	0.96237001749761	0.928945839881293	0.769389360784203	0.964120348744403	0.966329549076634	0.819364459791071	0.980182487174524	0.999977078866303	0.991362876470637	0.999057360627373	0.898916213987435
