0	0.904087692751198	0.962103503529407	0.982303898622629	0.987666381536083	0.905826860103342	0.928701334719745	0.827833087908798	0.917002109760811	0.892668416478037	0.999662275747335	0.977481583901936	0.826729730456825	0.999614644812385	0.985711585798208	0.97139673899356	0.984294516675137	0.963297620161411	0.907585813446057	0.970511982027744	0.960443581428875	0.964628500311201	0.998990886919442	0.999173289661276	0.999874891187313	0.992996158807608	0.999019312808029	0.998833489951092	0.900067579069407	0.880738115930286	0.921503518081122	0.931549234466884	0.931753925595384	0.947542720357235	0.99567637591557	0.854637154701973	0.83048365487732	0.962076383857186	0.991220172505256	0.868497417055245	0.975927136516349	0.81552979416282	0.950892076202137	0.967201750749811	0.994316435998614	0.94059520564771	0.980913968066276	0.977590401640844	0.998390321756829	0.99705910892567	0.982115817152011	0.999616086754669	0.994551300320636	0.915656430764915	0.991268291601667	0.999721730415855	0.676237588858227	0.987607068802036	0.998949049665341	0.990193293487785	0.965305658054249	0.864630692999586	0.926115085109372	0.865348617325829	0.9118746294187	0.870951119151705	0.988518474602128	0.98366024577261	0.963760554399891	0.913370315013565	0.901324138266209	0.994233542975737	0.965806921390108	0.972347647084278	0.981320577409556	0.955191145382169	0.986062387553039	0.929303186156943	0.951784224065238	0.986525220744601	0.997313727074667	0.994461975125407	0.914369208299585	0.999155862859847	0.927510644289877	0.992129760655481	0.999515344246327	0.975221061547227	0.8918897105702	0.880851749333357	0.962270015841095	0.911584721367826	0.994193076667117	0.879682421672399	0.90626903106896	0.915873556642541	0.958136479914988	0.980709954806356	0.865161428605384	0.847281616988373	0.967008289901796	0.965859227323104	0.913131885335856	0.966582857504767	0.962764038697304	0.930380708498982	0.989592654832104	0.987684309197198	0.999521026795224	0.935535773556815	0.866256424317503	0.98438567175995	0.99688774064305
0.904087692751198	0	0.778584057450181	0.824249489655617	0.788140091526652	0.996973104609752	0.996429707874923	0.999260018718192	0.990208470674781	0.999720028670052	0.97818565400683	0.895237162963271	0.927478371834596	0.963931439894145	0.996383780441697	0.947676849289272	0.978612438938167	0.944455303798063	0.990399732445214	0.948906709427197	0.923292693700379	0.932738573594754	0.963848982833718	0.860036747298746	0.924725156217951	0.992472383128207	0.926638308563386	0.972168310279014	0.933898083693142	0.951618143481404	0.975952275578595	0.993274535939811	0.991180190977226	0.983652956248778	0.994425606709044	0.971755448515566	0.93922718742844	0.985015131304643	0.985175581447456	0.992239747470316	0.996457030554954	0.949544345271081	0.959348888518862	0.978640941332706	0.995717780263927	0.950787831919918	0.907257556065523	0.90831838516035	0.976724968948274	0.976160203756016	0.91883817380201	0.916197235785998	0.829509530380937	0.958381350354827	0.954251740954745	0.884340173405633	0.803681603548664	0.520375267509017	0.820645900271675	0.804989542968094	0.856193936867879	0.999842094387615	0.994921544286418	0.991517270712647	0.996459794449625	0.999962998735978	0.910476573424271	0.899381541004978	0.933892944151518	0.962601022433534	0.99927134804294	0.948266179540857	0.976370573125054	0.939580692430388	0.879387464245409	0.993447903561173	0.935374265461141	0.952319227039627	0.960193618230276	0.8621865889649	0.999883929004052	0.863310092561951	0.873464685548078	0.923118864444077	0.90955354548468	0.959127528080542	0.945364565495753	0.949304228645936	0.937697671676912	0.944053854053153	0.96702822554492	0.838289434219985	0.981611937529975	0.944629554961285	0.948018434261328	0.927000747298391	0.900307753538801	0.915785259320086	0.920294979877948	0.931967329048179	0.960244228178396	0.94761025852439	0.96903756921682	0.934484783789046	0.897633445939973	0.923940423682121	0.965858785507972	0.934046216508688	0.872026902047539	0.946933406503339	0.94995516061406	0.987984381102726	0.948303516775435
0.962103503529407	0.778584057450181	0	0.664062371521666	0.773495838898451	0.998137116522589	0.999467790555746	0.998749143446751	0.977796113113223	0.998634782807247	0.996131788802944	0.971277373214203	0.930631912440528	0.99923779930667	0.99346220351949	0.966375516760995	0.963655442570021	0.978764823707557	0.997409224499143	0.962536993119193	0.956830693516464	0.976216027661173	0.959212467873651	0.941004927262372	0.878438305379297	0.998286992293753	0.934014604718106	0.984971099894523	0.873048125467523	0.945886275377446	0.954402089880772	0.92400901019761	0.904332406193761	0.983131841576401	0.920427856164387	0.935712756949692	0.924325537726006	0.97939378698916	0.920996933320414	0.971737081448603	0.969513511602224	0.91683139693597	0.974824698158649	0.933219979188714	0.956929429645882	0.898991260227397	0.830916969583018	0.843138979642709	0.910628399352763	0.905978640532506	0.852858325720027	0.901227679136037	0.964809130971824	0.868521854125689	0.907556956385287	0.889373947732684	0.761317199593304	0.89142296610769	0.422369231915091	0.635447828047842	0.841059212757864	0.999128692027312	0.997971720211834	0.993915034746431	0.99947674196326	0.998518989176633	0.996872806353006	0.954471981102262	0.980752095757105	0.998820068676197	0.999546610410095	0.986223676321897	0.990358873697281	0.994027754132997	0.967953223571566	0.99993799686405	0.972744692741405	0.990765998573398	0.992140246150424	0.916413490393183	0.991010337953469	0.959205651748925	0.963052022179615	0.919948020404709	0.792287382119734	0.985287560259808	0.961217646646354	0.915727235533224	0.966921985014065	0.954673148020102	0.95999639214364	0.854125356507931	0.993872731634864	0.973529028152612	0.947521650022801	0.916705742597509	0.902919074801409	0.870247860746009	0.923277569293939	0.968120853592945	0.975925891580862	0.932554281441186	0.939689484684084	0.926486130517587	0.829410340378751	0.892972876868373	0.981712101644031	0.923807957100017	0.87967540209888	0.927993767331513	0.837120046440357	0.971176721907389	0.960540468100199
0.982303898622629	0.824249489655617	0.664062371521666	0	0.519989115741135	0.953111745379678	0.98751000984764	0.917547900021441	0.892610857248674	0.934085696948718	0.991585833073883	0.875048008231062	0.982738295195164	0.983358814581813	0.948642313511963	0.826597014645005	0.869285127257499	0.89175715104978	0.916258755291367	0.83114177928909	0.810812224580946	0.864600398555743	0.971781135854685	0.903002087951359	0.898360347658396	0.994281696015363	0.904112243592453	0.98397629983841	0.960631991957756	0.997441976556271	0.984630484550363	0.99925271386897	0.983454613188589	0.992221890951959	0.948577215416827	0.991787769202425	0.990825375296679	0.997920167509953	0.971814582397922	0.999940166996974	0.998198279942767	0.995945393553262	0.971342958064673	0.989366349021821	0.992671780976732	0.978548043696599	0.914646303520732	0.891517559738249	0.945848116709135	0.965802630913514	0.900215542078202	0.935258440896697	0.848190056504388	0.95838674029327	0.936760786386734	0.889516121217936	0.980226197913568	0.776060458979207	0.57186986250677	0.454459430006105	0.5631170808866	0.974607425785036	0.989850117417734	0.895775559947426	0.979596483814402	0.926307245136392	0.9304866275603	0.836003712799727	0.981142877297264	0.922400675550337	0.950771958708778	0.914205254709965	0.909368148756906	0.893422766549698	0.817740093717718	0.944675352141499	0.874091756230368	0.847962492815534	0.873957909471328	0.916485116207165	0.999989225150377	0.92445606771515	0.983882921724931	0.886978916859369	0.938430700389406	0.995909638273215	0.943298849663099	0.949489815617106	0.997242819374112	0.989882861986209	0.992717153858457	0.906391826186777	0.997989429562451	0.997807343393824	0.995911277736415	0.988369317627271	0.926190785772242	0.917394817428341	0.988376769250624	0.99656921647987	0.994570909275334	0.973570108084823	0.996383604156551	0.959336848255969	0.94306052705129	0.971409430952548	0.950510886541017	0.951209185786422	0.857546425544053	0.980772907548637	0.963935961532818	0.999160505996975	0.916744603816314
0.987666381536083	0.788140091526652	0.773495838898451	0.519989115741135	0	0.83458542317488	0.960954432380028	0.791638659622992	0.83486934897349	0.880234962200978	0.987396284448694	0.789357360746574	0.967936614870204	0.94722810463943	0.923284978980813	0.71743640035715	0.836425597777973	0.709530243389275	0.745659494050843	0.707901384497984	0.641182532152465	0.645119650081602	0.934765254031993	0.797431960767959	0.879838056603871	0.974792824405793	0.78186013425672	0.966788803704975	0.975702051590098	0.999079739461365	0.992348442054847	0.996195642470839	0.999950940978457	0.998937387587002	0.985140849265117	0.998993761495812	0.997705892038679	0.997967078841723	0.986086146681895	0.988825455511934	0.992713851280781	0.997626959524493	0.960623828569491	0.999993815861827	0.999540343634712	0.992751647041764	0.936492836415109	0.937264326144961	0.979607218962997	0.977284637854514	0.896557321191856	0.917804440538387	0.766456808463508	0.984370264257656	0.9610997714313	0.848201325717056	0.997774179322886	0.705225618372529	0.688822614156343	0.523846275023415	0.235788963288676	0.880243429917416	0.966088171966711	0.749221539138729	0.935856233174262	0.86779165861736	0.908732243374182	0.705651201064622	0.968363836724957	0.80450688341696	0.876830584921958	0.80613004457843	0.834231858628218	0.68373947758011	0.601797785433411	0.818690635555096	0.712534126488639	0.642570979662232	0.671400058994966	0.88716068080416	0.987560867040951	0.759324399397636	0.988930008547265	0.846183174622192	0.948652726326898	0.966999401300019	0.88264091334215	0.959065367498969	0.998561264348848	0.99894163649789	0.989922922052195	0.931255379375977	0.99972080947138	0.997309576790496	0.999242609993979	0.997551930161942	0.922860056695757	0.931260479490048	0.98490994982393	0.985729314177715	0.998857919229473	0.995011528390006	0.996621643463003	0.986026347877564	0.957077122688142	0.987767702889675	0.964826316473898	0.974056341779393	0.803351126611778	0.992684382316945	0.984479527674854	0.999922390200689	0.890200882420262
0.905826860103342	0.996973104609752	0.998137116522589	0.953111745379678	0.83458542317488	0	0.519035545543837	0.483341568343116	0.707481183913608	0.482680287694664	0.920703286154125	0.693848185053452	0.998792826576759	0.941949482267262	0.870955677140082	0.687713766697172	0.753035290193131	0.806973021163077	0.630922089054681	0.858517404255428	0.720149217536103	0.826645344952783	0.986738995477729	0.967193243644989	0.976575063440574	0.98084768132197	0.96980982729548	0.938449579277518	0.995452032776478	0.987960546640358	0.992575250599221	0.999202420731712	0.991447360319841	0.97023877807998	0.999978016798178	0.991219449698686	0.981651089431555	0.991904018033595	0.964671891011121	0.92769332061427	0.989649852299173	0.994937328877653	0.997722760314045	0.991854676302415	0.99984913034723	0.998662345538972	0.999954718589724	0.985117712791011	0.970675745564122	0.972170526246523	0.973772916475901	0.96504587702543	0.895857812403912	0.982884698524907	0.998308441425046	0.918204833291157	0.891916851949928	0.953428368497871	0.984010044563335	0.945587328789968	0.824955921871709	0.234293237938622	0.501523012275487	0.456423123759102	0.785129446419524	0.509771050158248	0.850820024032819	0.705096583407107	0.951345704641387	0.744533167217548	0.425744767697555	0.759885439686461	0.62888005707967	0.89063838785908	0.695781312732373	0.86222032400813	0.884387274380244	0.751945963883633	0.770899718122351	0.992223137396322	0.952354725094177	0.976561524996363	0.966105932540411	0.967893263208209	0.996016015259346	0.968352256939634	0.866804185403187	0.998593642140158	0.985735689492878	0.993611402114463	0.99814923553982	0.998651038054123	0.997432277203887	0.990935321633665	0.996907498870302	0.998796094050966	0.999324966540975	0.985799738986739	0.9924543828985	0.990653703964194	0.999046958442222	0.999981229294959	0.982375069586476	0.999845019031661	0.996698662962273	0.995615184206971	0.859403759713476	0.956842967553052	0.913849943113639	0.991107076368118	0.960792393405443	0.999590151942475	0.79806916022234
0.928701334719745	0.996429707874923	0.999467790555746	0.98751000984764	0.960954432380028	0.519035545543837	0	0.747877243631045	0.856417250558638	0.59094488818221	0.940212635076282	0.775886830497052	0.999919449669628	0.994313333969869	0.940464024379335	0.850029592279306	0.821420508807717	0.959871635447658	0.870304999407035	0.974037032917323	0.924071928494077	0.982708654847745	0.999854808216778	0.999736744559045	0.99951215845146	0.994939452760694	0.99785989313603	0.97225096485161	0.999449519916277	0.999116802277602	0.985646973385361	0.994038162490753	0.996880261365163	0.938228887838245	0.996662470179333	0.993118845888947	0.996898587366621	0.978793703259284	0.913066178743873	0.970753015436499	0.994668730715669	0.996614588256485	0.98308073644256	0.991574528878041	0.976066383803535	0.981857425842236	0.999753812282303	0.964412788943215	0.923913460502048	0.951168282801369	0.991847050886722	0.993386075277448	0.981675776830032	0.995227710437685	0.997592822420199	0.95483213626918	0.886422692203742	0.990469662189164	0.999550338009662	0.992038159354095	0.959181633286997	0.539212150045853	0.239712260578719	0.736853150455643	0.83523706610082	0.665426900359295	0.879659933216609	0.840606017118701	0.946942815642984	0.900190605476653	0.572358759335777	0.888268664513738	0.767079890787981	0.996702899002186	0.877337463251883	0.980977629627772	0.990302977634515	0.942506701453988	0.952607505313939	0.999075612163594	0.976145167996733	0.992892620512715	0.950828612495023	0.997513707117526	0.984220142362509	0.996754207934118	0.942902130807143	0.991259840780567	0.999193913701567	0.999394539898698	0.997331309472473	0.999721875429416	0.972338658615701	0.997501787686058	0.982879081524279	0.975231917031465	0.999889401033166	0.983078479659665	0.996598173345023	0.974886478380563	0.983994914890587	0.971668034079551	0.997644805082713	0.970166182404775	0.994377041592952	0.997821057814389	0.814928216072165	0.887796465995742	0.967934191111386	0.999931509319559	0.976771595006848	0.999458207600196	0.802989305108613
0.827833087908798	0.999260018718192	0.998749143446751	0.917547900021441	0.791638659622992	0.483341568343116	0.747877243631045	0	0.690184606131966	0.49280116557681	0.901923294724779	0.759184452440027	0.999452080116412	0.918873333826476	0.821190964952279	0.604266585470486	0.757304603632408	0.623402485986854	0.410967542479782	0.692415481855136	0.641864740793912	0.676080361934903	0.969232409882158	0.943967264865325	0.945752543717567	0.96962243344434	0.885635633866049	0.939014469807786	0.989363577748653	0.965314770239837	0.990981266994157	0.986320762142367	0.98922534902543	0.982717996215168	0.991858551427457	0.934693272998555	0.931843034335797	0.999457209886523	0.988799066550005	0.871267758353073	0.980344621279603	0.943357054210607	0.992786875660951	0.941214130015788	0.977683983528772	0.962146835248251	0.9932683838953	0.999849461443421	0.998345525070941	0.998715404924818	0.968686663963248	0.963298321125346	0.861860777404678	0.946379445073099	0.998118717572888	0.922899814993898	0.839841128863287	0.94396271768025	0.980424405086946	0.934798652571851	0.761384113428048	0.518802344209624	0.74856456953655	0.258775557479457	0.786159918802624	0.434657039649892	0.860628514901821	0.71036870982855	0.978461985171713	0.615539476550279	0.53276914064521	0.7220775310911	0.630202631256944	0.765446806645034	0.672965099213972	0.702908767712723	0.747966509607903	0.561673239061359	0.611837757666758	0.988347497347976	0.976462973463218	0.937693281470376	0.994516380144168	0.929456602139084	0.999679658257158	0.971987117246619	0.849568252604711	0.997828892394193	0.956072664348966	0.966472238049498	0.999966500100333	0.999053339613608	0.99971670434767	0.932259985736822	0.945222633700446	0.991963498052211	0.989939503746225	0.974727717078584	0.962276460907113	0.96997594392481	0.966657661078179	0.972662633143557	0.903118912969116	0.977829907250678	0.991519471895457	0.973957275090629	0.943602914572297	0.995749181781371	0.921919283492087	0.96012291082665	0.919100002712416	0.981558716204996	0.856521055918217
0.917002109760811	0.990208470674781	0.977796113113223	0.892610857248674	0.83486934897349	0.707481183913608	0.856417250558638	0.690184606131966	0	0.704546342904341	0.975429861653541	0.876574471592878	0.999770047772967	0.982015047600724	0.938434176277338	0.766923004103368	0.821009136524049	0.736051394489007	0.625953585631834	0.79069209326497	0.787084381697623	0.743849733841398	0.951381056250585	0.960057026232994	0.962737791653255	0.979861798642999	0.915682093504201	0.940039702607172	0.998494290053732	0.972160352752768	0.988026940457727	0.983919119117614	0.991005808383596	0.997362811182723	0.993681044066709	0.991865192245127	0.97917918975021	0.998456920218271	0.996785202337455	0.951634191768798	0.988903140047528	0.96408894888444	0.991662063784045	0.969115670470365	0.983947948832477	0.971425356763664	0.999757396080416	0.989410837328244	0.990909628027036	0.989916187989467	0.959745548419316	0.930262404333852	0.913094696838782	0.984070176891929	0.998041698767662	0.920625774622737	0.947524932454613	0.930395357605689	0.962726233953513	0.92534827894988	0.827985657783633	0.709028189267753	0.858809124854663	0.676443766308331	0.823236063507026	0.673376478632859	0.950990325955209	0.823119966638744	0.993957622022575	0.828681253263261	0.793086112210476	0.877923293089797	0.816151371280523	0.841534619723058	0.798847976547689	0.751984703827987	0.835120499182421	0.791423546757266	0.743825346225526	0.999437365507837	0.990566567053502	0.952831694193922	0.997672468672548	0.967766594004267	0.99999636605865	0.998103977727343	0.834971922421417	0.999969619729581	0.96982267643407	0.960864893529416	0.99976371814526	0.994674235831188	0.991320078338036	0.9746774487599	0.94587168145857	0.977587703624324	0.999639053306946	0.992712058077362	0.977788502902084	0.977551097837635	0.970418579690899	0.956257161200841	0.911681728336861	0.96545994563624	0.992822386865172	0.960535792452365	0.920540300088451	0.99978839290078	0.947088425102553	0.956657291852077	0.978887638437388	0.994123089791094	0.930144152838614
0.892668416478037	0.999720028670052	0.998634782807247	0.934085696948718	0.880234962200978	0.482680287694664	0.59094488818221	0.49280116557681	0.704546342904341	0	0.919305143032609	0.806838646755276	0.999690247635681	0.973611546471955	0.871269602598783	0.687436238609614	0.751187749757564	0.79342158212673	0.687854786535304	0.778067832504373	0.778096901695494	0.853473263667218	0.989229734038899	0.987457821782503	0.964066680823059	0.989113823928146	0.959634373624258	0.896043707096264	0.996017430795047	0.997846178465896	0.99495508059101	0.999655404316772	0.999265170909113	0.96621589690216	0.997710332103908	0.996664967633831	0.978596997796408	0.982793055113276	0.944702201302936	0.921265486532446	0.991040628751201	0.990776501644011	0.996447498883799	0.986861150857322	0.999151405868512	0.997306550070359	0.993512313138925	0.990613428268615	0.973390314213119	0.98789126621795	0.954289447474986	0.978629520355396	0.930556738617164	0.96305860035475	0.99960559578877	0.94284480697144	0.86589134073098	0.958237407944396	0.987263113501393	0.96300259942552	0.864902746528898	0.515067059122459	0.570478488084574	0.486193130898515	0.824972014020614	0.307251345144996	0.87091299466174	0.794500045987196	0.963942206755451	0.760040685203809	0.562952603976209	0.814840527479123	0.66104534185515	0.916170795161131	0.734422379650817	0.886781115231346	0.875045391704876	0.750879665435956	0.781967608153551	0.989622556253239	0.989184475143116	0.99359168204245	0.980520990988667	0.937599989939884	0.988953724273943	0.980641423352508	0.871203813259878	0.999865428643921	0.990528738477128	0.995199180854078	0.999970865369166	0.995839287337009	0.994141689728128	0.989556496618086	0.9949617108994	0.99926240580895	0.994255921045397	0.948445925001133	0.978625408721953	0.983570670921845	0.999271346610262	0.995970329776435	0.980805893026878	0.9990671017111	0.987322077047076	0.997739721880484	0.881649733535475	0.968882661139848	0.930886173456719	0.976751358841059	0.93169577480545	0.987541410025129	0.835251731360572
0.999662275747335	0.97818565400683	0.996131788802944	0.991585833073883	0.987396284448694	0.920703286154125	0.940212635076282	0.901923294724779	0.975429861653541	0.919305143032609	0	0.747135533294816	0.936659356511045	0.723096955583899	0.72036680733022	0.864475888002599	0.879899098039844	0.946888630132768	0.933192300849224	0.936769668490916	0.895425781342816	0.970390700639956	0.999963476533537	0.976357191938833	0.998732516828498	0.976400653886502	0.991981211952667	0.906641083442492	0.991544330721401	0.939726178602002	0.991961893519395	0.966353309443239	0.97092916283567	0.956154330182314	0.99638081036448	0.997838514378423	0.98468101186309	0.986114115102451	0.98493583353712	0.999164294591968	0.968339486423151	0.996232182838492	0.978225435856745	0.988710538699081	0.997991045513018	0.998098091587356	0.999620700911203	0.997182651557248	0.998859662979019	0.991116341219838	0.997889353520384	0.982898711423657	0.869681637463252	0.976455736170973	0.99341204011779	0.966962650441329	0.999429512584572	0.940921116862988	0.999937021916291	0.99702948932774	0.994722697409071	0.933998643293944	0.930580403713945	0.912125834640399	0.996724316894115	0.908677141921344	0.648041400417344	0.795537678166479	0.837471753246568	0.843207244732491	0.833991816771895	0.893887140737359	0.874559957432791	0.990800140452247	0.93134837843604	0.982578520668509	0.944971779593975	0.945418162650792	0.981190454532183	0.996000178810717	0.993977252137946	0.995807741985181	0.967777944168135	0.998250135098438	0.999964399606486	0.920081919827409	0.859404062213448	0.984764489855536	0.965437383317468	0.989443594961634	0.985682194151793	0.953464993693651	0.862978106625203	0.984465843005817	0.996213866968715	0.963491283970204	0.9801793393819	0.979073047944314	0.979513748925493	0.989928911918965	0.993463906960314	0.998582567826453	0.995073386332317	0.999000953584023	0.999247522430171	0.986381482825538	0.950935262184317	0.944291143531598	0.945724083144741	0.999970850565389	0.981536146347611	0.997851066469351	0.927323570150865
0.977481583901936	0.895237162963271	0.971277373214203	0.875048008231062	0.789357360746574	0.693848185053452	0.775886830497052	0.759184452440027	0.876574471592878	0.806838646755276	0.747135533294816	0	0.974871183189407	0.853738910300631	0.853424107032666	0.688636289152083	0.755417749084832	0.876584242962732	0.808513007724667	0.909384767341668	0.746543187746855	0.884474246170167	0.999999631680511	0.928226239799653	0.997706981709512	0.998804788262314	0.98351420479654	0.964646332241362	0.993183051106983	0.997880104638539	0.994805084303942	0.999690648028665	0.996363500677012	0.999312788347152	0.990626443061915	0.999209697563808	0.989578475508992	0.996931647025192	0.989732222375882	0.977385508768284	0.991628134907348	0.998829437358573	0.997208882702459	0.999942552524025	0.998493817620846	0.99431398565048	0.9852785960427	0.973793604044908	0.978025831875103	0.977764907246639	0.992413065448254	0.958093047173575	0.705818921508421	0.996368371679985	0.972534245873037	0.899367687661467	0.990922382543155	0.774187818837698	0.962299633703426	0.88476452546755	0.825297340825413	0.732044676876797	0.77553402369914	0.757036693450944	0.941219038910212	0.81241840786846	0.54713725431701	0.492221473571521	0.837399821583634	0.727505307418502	0.641180054208916	0.728729787869281	0.694758015276553	0.919774927494019	0.68628663347774	0.934139024829705	0.903097357424657	0.82487167501807	0.882515577421091	0.984637431649476	0.997657984443759	0.960936917257152	0.999418926604205	0.987788502421126	0.99854765249029	0.949593546669315	0.869798627738998	0.998544769965742	0.99556807575255	0.997444371105951	0.984093872105063	0.966152875979403	0.945116993001915	0.99107341996334	0.99181285349902	0.97537706685478	0.984816885072693	0.981126573114041	0.995442775471528	0.993805178822866	0.97971473459873	0.970556269543797	0.99644718821234	0.966617046632756	0.996060962183411	0.999953213932841	0.88365161713242	0.904458644095714	0.882664025496035	0.995363543776309	0.992129635750177	0.987128809476184	0.818097554996696
0.826729730456825	0.927478371834596	0.930631912440528	0.982738295195164	0.967936614870204	0.998792826576759	0.999919449669628	0.999452080116412	0.999770047772967	0.999690247635681	0.936659356511045	0.974871183189407	0	0.91762990422938	0.87503948271579	0.958183344097937	0.939655060233531	0.992448427988859	0.997485758987767	0.959360163689677	0.962715161941729	0.991569898575968	0.999756047338168	0.989729790784728	0.967898637897957	0.965574172786613	0.965843143592864	0.975859021359892	0.927546403672947	0.775720735738874	0.647655594199713	0.834271443340935	0.786174043301012	0.890963445487703	0.913452082804352	0.892701080179499	0.889628782736899	0.993415498717615	0.98735248443841	0.936263528702168	0.914657113821628	0.835190535295812	0.891120330156292	0.999655317466114	0.999046209207516	0.989059927062958	0.991394650432486	0.987950254833883	0.99922620660887	0.999034699703598	0.97830308430594	0.99999516480054	0.96614949526161	0.941196452944498	0.919672436115635	0.995027660318293	0.932990266347515	0.97368672180632	0.965044402044239	0.984541086961384	0.987138586039104	0.99870330828193	0.999991260991228	0.999929603310211	0.992101754463807	0.999995673380662	0.977194836605941	0.931117202529575	0.749910645691981	0.999614577332595	0.993083649920346	0.918938950692926	0.974105367153292	0.995147766877433	0.967394466883185	0.999938789493472	0.954361057671231	0.992668314135312	0.990212484800844	0.970335479026629	0.996267018555666	0.97554278038295	0.953866197738932	0.930517430147988	0.887638973631082	0.926474286650264	0.954951177988263	0.95861283428148	0.867992203700552	0.76686402241482	0.867144081701005	0.781470960768127	0.924126468021842	0.915074251449957	0.955316569450632	0.956102762027528	0.952365375796073	0.92690135035417	0.813928386920765	0.81961587058007	0.995763869339929	0.987762269718408	0.958123709226064	0.981170101049472	0.98182227120957	0.961608996431885	0.999904524690076	0.987249858595978	0.975973212108991	0.851572757419495	0.88629769393487	0.928383763777662	0.985026018090166
0.999614644812385	0.963931439894145	0.99923779930667	0.983358814581813	0.94722810463943	0.941949482267262	0.994313333969869	0.918873333826476	0.982015047600724	0.973611546471955	0.723096955583899	0.853738910300631	0.91762990422938	0	0.674500398522982	0.864102284077018	0.910415764247625	0.894033249129039	0.894543059099601	0.855980211586404	0.753424765929526	0.883546027317359	0.995885012967683	0.908958776794866	0.981321248329625	0.988490034647384	0.928411370164579	0.891320015213022	0.99988007760133	0.971400787159264	0.962424400461357	0.999109306833346	0.997672947734153	0.927818392185421	0.99706356783949	0.993657357343448	0.997835218244181	0.999971179234825	0.986888320082639	0.994920080101559	0.979533047978013	0.99399440034855	0.994982547293728	0.948476187929461	0.985245319772845	0.979421641043681	0.999779202366576	0.989606807846222	0.992717027272331	0.999849214531265	0.999960655294499	0.983636976739492	0.706445687772388	0.994111054256979	0.954845408616717	0.973554215429528	0.999031932945264	0.944792700444167	0.999030297939814	0.975651552442162	0.951027642736771	0.95519911549573	0.989950511055825	0.898128598248511	0.996578272936322	0.963181556794995	0.853798809203932	0.786728139077011	0.897788516073923	0.813534106459128	0.884037071055675	0.870696415556557	0.905768191312948	0.887430757167147	0.874589536584082	0.923408197881713	0.838095931175468	0.869083651561858	0.897711432833612	0.932942420647781	0.996371191234407	0.915494783376734	0.955516261506554	0.975727148766343	0.998593266067029	0.890758380552803	0.804530748685524	0.98382692520044	0.97863437637628	0.986974425823848	0.989869141104535	0.957007072798176	0.956040920354689	0.990273539923889	0.999879043916901	0.999287146848046	0.985782838033729	0.995217994998629	0.999881206802012	0.987379542039192	0.996657974126158	0.99960031566945	0.99392555410559	0.999773563824504	0.987101381471068	0.990101486265663	0.969946840303042	0.993091570641645	0.906709588204181	0.966647246015357	0.995784575942288	0.971836300867036	0.948254910402404
0.985711585798208	0.996383780441697	0.99346220351949	0.948642313511963	0.923284978980813	0.870955677140082	0.940464024379335	0.821190964952279	0.938434176277338	0.871269602598783	0.72036680733022	0.853424107032666	0.87503948271579	0.674500398522982	0	0.721109667855118	0.71438940823437	0.879382017474946	0.839608217762503	0.730338781265883	0.760420206529244	0.870109972464947	0.999142277108431	0.941720172548695	0.971333735518598	0.979434712780455	0.935336991071066	0.817449620374626	0.996460588098791	0.970864352074184	0.903641584751912	0.987246452577075	0.933528509252747	0.887133791139997	0.976039955007259	0.996939202359669	0.999870423749348	0.993065246490192	0.995463184854788	0.999906626810428	0.94469620429348	0.994616995629236	0.999575492342097	0.967224863962948	0.997488212676616	0.981921826025898	0.999980494294734	0.999911836141164	0.999535285933022	0.989856020986624	0.985786284609769	0.995112154138001	0.870474898818291	0.988396326366045	0.979301363852781	0.987521945128885	0.978252584919483	0.97105311664983	0.99312255317847	0.972682962046233	0.922673012940734	0.915883873816176	0.936528449821272	0.791226410270232	0.976949474278655	0.825775344219634	0.832638820887714	0.762333147494432	0.868646546449759	0.813569237674808	0.744751952353558	0.782497633096491	0.786141093929799	0.906691644737717	0.832711657734418	0.899294502584865	0.807404289087461	0.806984045007611	0.864857861459203	0.976375958619053	0.989719321772753	0.950273865566788	0.954783784706234	0.952600936032686	0.991958439876231	0.909797548993146	0.78283720043437	0.968747503222457	0.986213166520878	0.967148469460924	0.994211522626056	0.922686742921229	0.918509701286673	0.989880633371883	0.998827463093284	0.998821138808522	0.94456867965726	0.973466845734343	0.994909278292528	0.999407513599964	0.999824290192616	0.999399725014557	0.997360300195304	0.999316126969448	0.999409805338386	0.983512734505688	0.960587143251776	0.974973189931651	0.930264653079062	0.994666589744842	0.996099229755758	0.994287646620945	0.935580043172602
0.97139673899356	0.947676849289272	0.966375516760995	0.826597014645005	0.71743640035715	0.687713766697172	0.850029592279306	0.604266585470486	0.766923004103368	0.687436238609614	0.864475888002599	0.688636289152083	0.958183344097937	0.864102284077018	0.721109667855118	0	0.60337846177335	0.660638760990684	0.601281848822857	0.633501028483356	0.521476305629118	0.67617623887312	0.978706706003977	0.90477086516162	0.930623047363961	0.991205940090839	0.872365593399742	0.908852269113561	0.996436845620776	0.999959670822571	0.998631301198268	0.999018616164586	0.998107573602083	0.99495628161877	0.999972242364679	0.999974266138201	0.990156779553421	0.995023848933313	0.994220541890516	0.981852254309342	0.989863557757121	0.984265273863173	0.999921280404016	0.983313238816193	0.979788786542943	0.994283071758932	0.998753874041645	0.975826740489613	0.991180715303064	0.99004149127166	0.924850055475501	0.914311340578295	0.723457585111527	0.999095543235307	0.985951894080903	0.882422504693891	0.96979043286638	0.852120264987296	0.955260579026665	0.878162897244028	0.726181908652194	0.780588959200271	0.846563063250972	0.569828854164302	0.886388529718502	0.635483018860941	0.770771441497912	0.600762884648575	0.885637250170357	0.663611047957036	0.615333432812247	0.505520035520917	0.467629085102783	0.764047838859313	0.572909326273774	0.763063993466227	0.686644372915773	0.585942573822525	0.658189008433998	0.981712527706213	0.999997348119846	0.895011084100042	0.97326526021646	0.893748702476009	0.987278742362797	0.932179451817379	0.778812068054228	0.985592740400932	0.99999823960418	0.999246426227107	0.99369838551517	0.935543963809974	0.995000592654367	0.999920517121386	0.990399074527273	0.999691974114195	0.904393150161697	0.955080824019056	0.993458471375361	0.995764078464613	0.999195618265532	0.998653194413365	0.986283744472467	0.99993948489921	0.998799631713771	0.996441665568162	0.942953887730552	0.972544484098734	0.834721236378	0.999690669925259	0.996621121204684	0.998825770594837	0.831359908964685
0.984294516675137	0.978612438938167	0.963655442570021	0.869285127257499	0.836425597777973	0.753035290193131	0.821420508807717	0.757304603632408	0.821009136524049	0.751187749757564	0.879899098039844	0.755417749084832	0.939655060233531	0.910415764247625	0.71438940823437	0.60337846177335	0	0.85920394792603	0.753905217390675	0.793387863302158	0.733090294049358	0.838463059298004	0.99748416473535	0.874066635602072	0.982442717459051	0.990033766285367	0.935846085109397	0.94506716209136	0.979298227869442	0.998985715943575	0.978136730364937	0.998716643795337	0.97160945941844	0.962513213929757	0.978068035019012	0.965660183426732	0.998234334323119	0.959062579502283	0.940865309302984	0.999594858651093	0.998409129424029	0.998292969429628	0.992907070071848	0.993055667270562	0.983755233456318	0.988161641563722	0.943649346823041	0.945224458605109	0.941431475735301	0.911035052393878	0.943013314587622	0.959572689079792	0.896287349658048	0.999671239864431	0.94558621377444	0.918336768638698	0.988677562536495	0.91462113014617	0.967831690494782	0.921021894881397	0.841425342778749	0.824459113733578	0.842440430970186	0.740239026070927	0.933813857012792	0.70562140655734	0.844934536067156	0.74595704400112	0.942226909549046	0.853255498804515	0.709483620744936	0.710467420067497	0.64240476045292	0.909516359884044	0.715077576918195	0.885589957727094	0.88677069756618	0.828807078184777	0.843182188384926	0.99484294054249	0.994219196528582	0.931797344656107	0.991314865736494	0.974785694722403	0.975420597084021	0.951505575078435	0.855604531333576	0.986805890736101	0.99974891908037	0.994540329491694	0.999920248871482	0.947369121901085	0.966320499938059	0.975993659543021	0.998372218830761	0.993936267103655	0.941530892446703	0.96063323233562	0.999042665459961	0.999302628792884	0.981642284263717	0.982565275486773	0.99635170140014	0.975699619342781	0.975472530200599	0.995731914458543	0.915934320389583	0.897771792034299	0.925666037824723	0.999110241122218	0.99959697970157	0.998956063589589	0.847228379446285
0.963297620161411	0.944455303798063	0.978764823707557	0.89175715104978	0.709530243389275	0.806973021163077	0.959871635447658	0.623402485986854	0.736051394489007	0.79342158212673	0.946888630132768	0.876584242962732	0.992448427988859	0.894033249129039	0.879382017474946	0.660638760990684	0.85920394792603	0	0.522713410203805	0.541309657058066	0.622282516031103	0.403653169921169	0.849453589590564	0.831319082036054	0.868229011135176	0.950704213273483	0.658783493963705	0.899470953454423	0.994559773714528	0.980003412314539	0.997842945605568	0.962985790089018	0.980531790928189	0.99965544447752	0.964395344986717	0.93870370825604	0.977393305530035	0.99871964187898	0.999927286253336	0.919045783255571	0.968742355034382	0.944571478523296	0.998554574179072	0.887914988712727	0.90801429895684	0.936502162638179	0.995329645122221	0.999945384445236	0.99684987676974	0.999817987745158	0.904827724143988	0.891972606865737	0.790267984335373	0.966268963214873	0.99175785727758	0.88923639207271	0.955484256810793	0.858886329489576	0.965589735609756	0.912470422020292	0.698222333052749	0.828725744952866	0.964847438633292	0.608796505320843	0.867494818617713	0.748894977927195	0.906916102264662	0.77979976591929	0.978099233655594	0.612580336701383	0.828691192629697	0.779734549612061	0.769808829574791	0.475151090421118	0.619492072186667	0.617892139495748	0.465094072512841	0.492646573641954	0.456870836291704	0.92134361556717	0.986518329816157	0.745631273119358	0.968637609181591	0.842819510036005	0.998985751910242	0.960476303609347	0.773811479226346	0.988314797793536	0.983922052173693	0.976600112618228	0.999742364099766	0.993896141513792	0.991485030459201	0.964251038815182	0.930918422606889	0.987630258022776	0.930835652074875	0.946721897717411	0.988979877640797	0.999988743901757	0.936258514186849	0.927169377491018	0.865482973066815	0.938088832263079	0.997604713241532	0.980496676730559	0.977881548906911	0.999211433899006	0.843100890480478	0.975767117392741	0.96019920740587	0.964743106675469	0.903889688117405
0.907585813446057	0.990399732445214	0.997409224499143	0.916258755291367	0.745659494050843	0.630922089054681	0.870304999407035	0.410967542479782	0.625953585631834	0.687854786535304	0.933192300849224	0.808513007724667	0.997485758987767	0.894543059099601	0.839608217762503	0.601281848822857	0.753905217390675	0.522713410203805	0	0.61429743692083	0.601818680898943	0.500510346718883	0.958567323008012	0.889253530566499	0.949675354867554	0.989976944347574	0.815252031425125	0.944050738670313	0.995498713127863	0.953670908959138	0.997671205969034	0.968551900438388	0.987494620190273	0.999866906661326	0.993405715053858	0.948435292619307	0.944195533005785	0.999625693881747	0.999869072490109	0.921656546489931	0.974692303259824	0.950551961113624	0.999996032767995	0.933915775467111	0.960742693405794	0.952862806951611	0.998970104394483	0.999160701562399	0.999079745583141	0.999982724157563	0.974858110189518	0.953814395516562	0.823784603551022	0.970692253179549	0.999051284361466	0.91725941636885	0.89629921615582	0.908869747074908	0.977526303610971	0.923905179526814	0.706341453258303	0.656829091707425	0.871079080407196	0.459599681284826	0.780165925844035	0.608198767445173	0.896153401017224	0.693841032757946	0.988064980217514	0.594624699918728	0.680972956527242	0.705558009385089	0.698811662510807	0.603253085135729	0.650771166489534	0.531173617040166	0.639587732595895	0.518409328808988	0.491031057981705	0.994526335326415	0.984610344320493	0.839673176189109	0.99999136804243	0.938767338879647	0.994899080242471	0.966021868651748	0.816549021103813	0.997988177410399	0.94300429421971	0.953366397881259	0.999650345920146	0.999937750250614	0.99520967953373	0.939437239310163	0.898772426118577	0.963875306838793	0.991572437969204	0.99648278067568	0.973950432019576	0.993342932225421	0.947583056505974	0.953541829601675	0.872429178974295	0.961288786589955	0.994133529356039	0.94521934897089	0.973084632207833	0.999692589892842	0.927462130606157	0.964140831735131	0.961189334528081	0.990122709458701	0.91756559350766
