0	0.506769259538928	0.662297045995894	0.77596578260917	0.797857382477902	0.747616782862556	0.80303828752645	0.790185791818673	0.827732906736302	0.782038217884868	0.80283144888668	0.808741975277021	0.833692071437594	0.979298258596538	0.873494527192475	0.838399089887742	0.955170167338184	0.907371708480147	0.89242826922222	0.825189955629454	0.829127407112088	0.867391813682484	0.968530417559123	0.904068281419883	0.958744363819178	0.935155518187636	0.89462861767637	0.906236980691861	0.807061515735787	0.892394124641718	0.911585607155224	0.89297234144076	0.891774595003674	0.969604399585658	0.969820218755554	0.992585593210087	0.991569979933661	0.99632099355024	0.887750855130393	0.985592638825367	0.953271925178402	0.774325055373373	0.997134515260764	0.928206113701468	0.897015980000701	0.869153681516071	0.844287975314738	0.834827310042854	0.91292682594977	0.881549531932089	0.971427050766671	0.889593414778108	0.853778878139601	0.660814953128993	0.791120881534883	0.851395573265743	0.525017661952802	0.501144624288555	0.746559525806393	0.773098866405882	0.839055688620933	0.757787997814105	0.806829328859473	0.793608965860336	0.884281808221011	0.763814736198465	0.843413979188121	0.830800625019329	0.821621404550827	0.931101424073587	0.840693239744535	0.838753378127402	0.897447430928997	0.872721653051716	0.900920972936607	0.906135285266183	0.807446390443253	0.827657128858701	0.836714537405266	0.921731470927967	0.850257230005173	0.886189914700636	0.929552069487292	0.953665679198937	0.899083431849455	0.930660084792166	0.819837853636281	0.836719908891374	0.862267341543872	0.885238074463345	0.795413081357506	0.821654908616343	0.933558059127697	0.882583023795387	0.923932657135676	0.881198811977744	0.96099727035114	0.945620009448753	0.815694331269282	0.943636262343368	0.814694137520167	0.852757813841879	0.892406505493173	0.810262911256239	0.907367496982572	0.882305546016317	0.905865270159092	0.872013609956937	0.853428505547677	0.820677175950696	0.688370053790005	0.769198553878685	0.848017551653258
0.506769259538928	0	0.628411103779165	0.661249845432101	0.687140749586324	0.706563633808764	0.778982070324726	0.763985785318619	0.805314148079304	0.789479668985536	0.702410751359512	0.719743283365376	0.762348924967868	0.962705158532765	0.832385861332083	0.7838697461334	0.939207630506082	0.898009632383356	0.88829164466828	0.807327659389199	0.781568170335509	0.840465313899236	0.983072257370896	0.892763277737037	0.932623738629827	0.949464439863804	0.859201751255036	0.899475141263161	0.776029695466979	0.916571560911049	0.921295570404894	0.893852015377022	0.903989317606709	0.985366753023483	0.983044636323799	0.99323293861913	0.99875542654692	0.99532817119265	0.905664034465187	0.978997823651085	0.957547352783436	0.749637375229042	0.985162147763823	0.949411608240863	0.903769805992549	0.873176772193676	0.811987072076517	0.824066910651355	0.916820030644647	0.868663465643502	0.971214704386319	0.860842533978158	0.908391708972872	0.661408390192866	0.778439242776575	0.826269761473741	0.633041659532833	0.201928475703285	0.694543585499377	0.657929921227244	0.726418374386271	0.720074725140468	0.778517145550092	0.768721476713918	0.883418048449865	0.751357867742581	0.740538516847732	0.734144615459401	0.716193873373921	0.825520791090668	0.810744063425363	0.769099926678622	0.875321377257232	0.868588842531646	0.872555098826866	0.915576325612239	0.791758957451358	0.787458165260239	0.826819013551863	0.906811912691444	0.803818368746926	0.854935374161738	0.944839848635017	0.932647403759046	0.868455461086842	0.935450649824513	0.820610192083118	0.748112728599268	0.844776156186752	0.874951322125791	0.760633786412257	0.813820952560451	0.917528285232617	0.883838979737687	0.936451598908474	0.873325487914568	0.947528014282193	0.943116576308132	0.772078323428695	0.901532724238609	0.806882473678205	0.857717946450051	0.904093922636226	0.813266215810824	0.905368734651674	0.877103001373108	0.887755394587725	0.868555424323797	0.854568236776989	0.861251756185559	0.722524726435578	0.745233784209202	0.810364230535455
0.662297045995894	0.628411103779165	0	0.587055384937453	0.529843629148794	0.664261506673778	0.724451227011565	0.697039765251691	0.747967374878613	0.740388313148048	0.872846688866152	0.775861338250492	0.853675223763406	0.969054632780877	0.879082684005264	0.760007637067446	0.937065712185832	0.894189295834659	0.868973871199209	0.778284060094086	0.766545784299839	0.847501986440757	0.975423146306803	0.879336520540344	0.903577408345932	0.87016343551244	0.829071324293189	0.9717917980672	0.803536392772981	0.968517454500702	0.946767542615702	0.920334797754782	0.89400445293345	0.93130612984165	0.962738425508363	0.983255857534761	0.994449788197436	0.990158688731071	0.909099521977736	0.958947396496845	0.960554417905899	0.695447608057426	0.953738107910385	0.974005668588398	0.854507205220762	0.854101668263376	0.783435140184967	0.907148860701198	0.949074538476526	0.872057257755297	0.968693775696417	0.884797762844728	0.930146075045855	0.516485575927286	0.836577162391269	0.89438710013263	0.54832420083838	0.570425988949111	0.311399702275736	0.59132291329145	0.600731489235624	0.697677675333466	0.704351558475682	0.696184024267642	0.812667031596314	0.698656060252861	0.899257786977212	0.84431352385298	0.827301316988506	0.949818658287197	0.872405436445271	0.755806099891389	0.871375911305849	0.848703613421668	0.889476183910005	0.897597262293502	0.802852045780248	0.793434460975781	0.798527636315258	0.93135459033734	0.835681227647824	0.827972339129308	0.937148300359285	0.915656607203682	0.870397364524269	0.920961939654033	0.938346627650029	0.820698755815776	0.91661597212087	0.936610239636182	0.769782390346138	0.824458552990739	0.904390127575551	0.949772290067684	0.961789544693617	0.883637629368501	0.929298122330997	0.937829897546096	0.819572802931236	0.857059837037152	0.858735484697572	0.918671390057151	0.891757131794935	0.763329647814747	0.83411459020823	0.917507608348638	0.94401777291162	0.891614135168024	0.835964088497082	0.898097880521936	0.605694977361158	0.840102343784348	0.888862759331549
0.77596578260917	0.661249845432101	0.587055384937453	0	0.518393995659228	0.565450572264093	0.617070903586366	0.605474155669123	0.682912967845689	0.689636000791056	0.70914406256896	0.634573170406867	0.708766571515673	0.857718715482053	0.723116085010378	0.700218933832322	0.890556539742958	0.797563306801999	0.818543638788281	0.715409502227963	0.642313650621588	0.769359824984678	0.977635002141752	0.836386168028521	0.879366185777858	0.898992674288034	0.825529615955382	0.887949757104526	0.744285426755729	0.937328721498832	0.912898418644552	0.866988589143693	0.894245545907552	0.972002942755165	0.974574620522156	0.98963947878634	0.991336924664338	0.999792760005818	0.891269445970889	0.946592236148485	0.980176551409403	0.649580132016972	0.967422196069069	0.923410334842373	0.817109716619444	0.796084775098907	0.704205055998402	0.804468575267646	0.87687532466008	0.821665197383974	0.962057450781229	0.812610637458746	0.887765971279505	0.470580076046106	0.746026201628283	0.825059351864122	0.800277224393968	0.661339810251647	0.596283849610856	0.307873216551621	0.527661100828115	0.596574701926255	0.619203409792499	0.628207675116343	0.772012320371166	0.656523689758361	0.722764439083501	0.645659090101174	0.677806930067088	0.822093408462476	0.779355452896465	0.673401271816421	0.815778036821392	0.740787791476669	0.854495822162834	0.886647411475536	0.71551728000348	0.667565920799203	0.761272404336271	0.918063609516423	0.736509337841075	0.789714006225825	0.950836349460422	0.906648624474429	0.851751066119039	0.937657388301837	0.852642327935275	0.769588464236968	0.82464096135932	0.920125028237597	0.73279244135886	0.832207632511932	0.908941817103234	0.893513411426416	0.952784619330335	0.866431069673835	0.924167358357751	0.952071368309741	0.75678378529085	0.871612252881395	0.734603809177502	0.82439961164261	0.896344029834637	0.713688559793577	0.81257619047172	0.882209936587257	0.840205159099668	0.834095064096199	0.791778872717262	0.827339064091358	0.597630611850158	0.719609017309783	0.812005615691378
0.797857382477902	0.687140749586324	0.529843629148794	0.518393995659228	0	0.716600190278228	0.7812997414169	0.773387049662913	0.788145541323815	0.782904103342949	0.842582352027919	0.746554592172132	0.82669391344758	0.930763500310406	0.866361335117162	0.818526948228636	0.966241931524068	0.914221951694557	0.93223130377178	0.832942857071982	0.763067259410025	0.881820589091388	0.986041088616534	0.90349940375478	0.923622212261841	0.919056594843947	0.862551203380489	0.918200104508196	0.826893648208206	0.981342232898171	0.965295012544673	0.937465526890526	0.943387330084586	0.977187823465167	0.981246633404818	0.98645554811598	0.999719553174543	0.999277585231739	0.955772698691704	0.971459773333687	0.975225391022442	0.737132455127487	0.968462986560763	0.984518091995118	0.899518261485016	0.895292118659594	0.831453124294538	0.897004470487154	0.952711888290184	0.902728376160383	0.981529111053221	0.90719314855509	0.953256376203602	0.589303537603036	0.874462251390723	0.919378751377519	0.812769763111944	0.671004726588122	0.547812649368618	0.541499124850546	0.237616840625482	0.743285438257977	0.764249840904504	0.784498989749533	0.862621284489728	0.771300332601264	0.845128208764277	0.772512537373425	0.779932162197171	0.900358316323774	0.889031530686711	0.800726569659082	0.886594103939839	0.884004637260759	0.922243057870912	0.945081306610716	0.841649068938106	0.799265464601445	0.852955825080063	0.956502082177933	0.751371149935244	0.850415950605672	0.973416146970869	0.932552077887262	0.873399781235006	0.963764137445842	0.916603183079038	0.851901316869941	0.936665260697663	0.957049927485291	0.832562757006645	0.890258732919983	0.943489022387591	0.964913522739865	0.98255883043429	0.927377663605142	0.965105702553608	0.959031542897195	0.820131322022138	0.881471131992712	0.865939997760794	0.931848054377809	0.942666135086102	0.813500237698157	0.889914983450345	0.952858409303713	0.928042535685143	0.899334619753669	0.889760179325457	0.926147328630166	0.724293699567312	0.840062807299759	0.910273967548185
0.747616782862556	0.706563633808764	0.664261506673778	0.565450572264093	0.716600190278228	0	0.522946934299719	0.386326290675978	0.511399814565068	0.488748225960576	0.77402108525183	0.736392623553742	0.695301813021076	0.847644168632314	0.613163026667041	0.53981752232312	0.807358092533331	0.682219289313327	0.631023883758114	0.616676866463726	0.458673854819553	0.598620086113747	0.944768010224375	0.734321540074282	0.785080179331445	0.897621663173929	0.760648282596241	0.910794873080165	0.673345072034173	0.919460246935633	0.878294927797614	0.783093231606313	0.807156459332798	0.940027045749214	0.91327767130509	0.977863402402679	0.966940940239507	0.989488206011244	0.797214164968396	0.913877627818477	0.91988881583913	0.717927001351423	0.985113271028613	0.871135537693176	0.720964552044745	0.755363367029195	0.594552759817861	0.768515740145983	0.856762732922303	0.739547036878091	0.919902094109831	0.736109655128045	0.845566897755782	0.540327359001006	0.716259771795601	0.778239971953335	0.738841662482867	0.703489332293116	0.699090575378476	0.556629480393833	0.750467175436503	0.269208567671582	0.513932830945251	0.463308231098454	0.621090428624263	0.4642367303176	0.787277350502478	0.722571592407495	0.688869291418697	0.878675360447872	0.705820593068025	0.529246081360538	0.754998158405842	0.60630870643056	0.737920040974671	0.737804702419615	0.603045970258595	0.461660225384818	0.555220054650368	0.872972568728041	0.691802305356073	0.70103818516994	0.89474671987919	0.808098346624706	0.782077401862304	0.902465293835584	0.841269817775051	0.745201854351169	0.809774693671315	0.887302323348906	0.611182351921356	0.754820756232407	0.816414362370165	0.864023308073415	0.918121033875937	0.79943266553896	0.877452920290255	0.873166359111044	0.795442386187455	0.87057928597226	0.675851372068192	0.78219614700725	0.81538760549938	0.660057336403454	0.729961673649385	0.85361074129234	0.827308876455915	0.791362135527989	0.698822213300724	0.797860036299186	0.585138623034428	0.706578001984697	0.761294129982675
0.80303828752645	0.778982070324726	0.724451227011565	0.617070903586366	0.7812997414169	0.522946934299719	0	0.396102565616452	0.621228003315012	0.557979829780322	0.82941249519466	0.775925733427013	0.809309771192099	0.90062110032034	0.738641784344102	0.724354892594987	0.848288861495986	0.765560277388584	0.695658826668094	0.629741484250833	0.649236448918967	0.723875656934256	0.96140876691357	0.776576766096832	0.815461955140998	0.905898574399817	0.815707741664532	0.917623268747166	0.73762044621928	0.95747699070314	0.907513510377482	0.786015375515403	0.852258422644533	0.951525481081203	0.939094926944553	0.976018366212761	0.952922535388838	0.991890238234279	0.804707539422983	0.904720235853631	0.925370621961771	0.715744468562131	0.98899608563998	0.85404943037952	0.731593114499269	0.714641527983302	0.617754506250714	0.766811593458034	0.836519505470333	0.729396689521093	0.906163863158472	0.726898260933598	0.900413022447965	0.568128879326643	0.780565467524518	0.773993948773152	0.813584651669805	0.776131405520207	0.754316365833096	0.620847121393595	0.814336636964196	0.507916862017678	0.123000621050232	0.351221673209553	0.714504240875693	0.518370968192797	0.828690592609464	0.789053729993437	0.786255629111965	0.875995765627834	0.779897146409429	0.690243831093694	0.816065635818277	0.660580729800547	0.747756525745058	0.77231194782494	0.649323478467252	0.63265173010259	0.655678944228159	0.912225174938192	0.741039143563592	0.739854367890217	0.90145477216894	0.85619541633967	0.841926797613941	0.893750236636941	0.857294084547005	0.837733639540096	0.858044440324977	0.904903440028321	0.69801877181239	0.818046836683223	0.877364564760822	0.880181140553496	0.908027495709969	0.80612869259568	0.879446915012181	0.906030163491232	0.828421078062016	0.910462645270253	0.644380293996047	0.734012025894899	0.820380213491602	0.655999145300988	0.732187988677853	0.848504173277751	0.816073642974376	0.767917327938573	0.700618510701063	0.793890441358129	0.576449307162264	0.77650598425785	0.772468907635566
0.790185791818673	0.763985785318619	0.697039765251691	0.605474155669123	0.773387049662913	0.386326290675978	0.396102565616452	0	0.424076163021537	0.394268525204241	0.791894637247937	0.75544511033592	0.731069570096003	0.849745749413828	0.647710695458852	0.572656943144142	0.762974410426853	0.600999022656455	0.514220074476791	0.442787464108494	0.460042847623794	0.529615552186706	0.9178235369406	0.673422309414388	0.728937002006698	0.852425470079616	0.718727658332885	0.880942328828355	0.65342985683165	0.92704659269044	0.882923343918288	0.756632407977478	0.796061610650481	0.915961694934352	0.905548844566715	0.970761599346769	0.951260827502203	0.992024802790658	0.764045256102472	0.909924399754335	0.915573340095085	0.707492100844064	0.974514170066869	0.849783670388827	0.687067272866106	0.698227628284801	0.521537987279657	0.727440756168414	0.833975632654856	0.716678340967515	0.904142143115334	0.673498305888993	0.854741425976439	0.554357220815905	0.709356716648901	0.724633244104712	0.778788646948308	0.759106902053933	0.728713295085834	0.58850740274685	0.801724868509963	0.430716075546002	0.397521340473809	0.207668504373046	0.550935738009607	0.35017262650674	0.814552910784863	0.743163226141727	0.723766152619223	0.878016354683214	0.71823909353716	0.558336955408727	0.746436227499771	0.501074252030263	0.687925715103468	0.667659807333013	0.465827475500054	0.463334475580984	0.464839573696501	0.834633386271264	0.709840213755719	0.657154131593041	0.893023384648821	0.765518456841603	0.732630881476306	0.873057254997237	0.829486230358106	0.747657189797122	0.812165049555915	0.883754310623952	0.596326488065694	0.75619275400512	0.804274880811277	0.854825483571075	0.89412308234948	0.794418217064058	0.862971130578335	0.852153577188008	0.79263554277961	0.85239388256251	0.618327887877456	0.736872918934059	0.801109108581666	0.628112213668797	0.66327588565305	0.83068258317649	0.785373134618558	0.783456336850659	0.613781727947043	0.79108927163436	0.549902932242187	0.702763151306134	0.730490134095636
0.827732906736302	0.805314148079304	0.747967374878613	0.682912967845689	0.788145541323815	0.511399814565068	0.621228003315012	0.424076163021537	0	0.515569729365718	0.819571349105168	0.816825286643538	0.762309660606003	0.84856300651688	0.680158074155029	0.638308763581339	0.78857787735122	0.651441024378915	0.621086684975495	0.541800787957433	0.509830403299576	0.600514175841423	0.924260469168643	0.74101331980175	0.766843012537742	0.871417824851281	0.782163874845379	0.859057391857455	0.690953805922656	0.932944420736328	0.895578929682675	0.784843222067104	0.837584666762388	0.942615336634607	0.898070014636184	0.984586004351811	0.960841188413947	0.993903401977188	0.812839471399081	0.926402432492968	0.924996499045713	0.779198963593212	0.978031034395829	0.889660683663274	0.748024603114034	0.752691290791825	0.643754266713694	0.775214573695573	0.867689034420612	0.80549335190771	0.910910706917406	0.753882566088582	0.88642387821917	0.681985338621998	0.786483933242838	0.817095721056434	0.826333065082844	0.80382239576392	0.747246949415227	0.6598153791573	0.804542241370365	0.579444134465353	0.626128298398892	0.505828977393857	0.582037125133243	0.509983263612938	0.830016349718768	0.782351515977468	0.770946288199569	0.896960093557024	0.7731243762635	0.651245714892301	0.790774546962428	0.615089097135999	0.798926829775738	0.745515436967194	0.555095335748675	0.544132800813237	0.572263620500549	0.878654528326728	0.726342702431637	0.736164867240405	0.927096567552522	0.773818541660842	0.76682337472974	0.904360993938443	0.85101095467628	0.775519337518262	0.851039550864603	0.9234079935074	0.681353130762197	0.82632182059238	0.847852866311652	0.887003128110677	0.930385487699979	0.831086336629516	0.902791031029909	0.880874184193593	0.837623030506072	0.861543751761647	0.729161736419364	0.814418920425392	0.866741097154714	0.710980920204665	0.7618935013941	0.8712979809024	0.825499851573889	0.84595761657395	0.712272956282182	0.860599392347355	0.701343994003984	0.768398474089832	0.818218456884488
0.782038217884868	0.789479668985536	0.740388313148048	0.689636000791056	0.782904103342949	0.488748225960576	0.557979829780322	0.394268525204241	0.515569729365718	0	0.814522217640369	0.788997642836838	0.784932764105841	0.878542892153303	0.693651651941461	0.627143341227607	0.81821812258531	0.693286876186769	0.612013089698833	0.554946437506681	0.580380863632411	0.612489088192707	0.924450237327556	0.696551356263013	0.713931595456157	0.83934155532214	0.701830257866205	0.861779451191867	0.676864865757858	0.950812885793104	0.884951621098978	0.756395584611284	0.768706633133039	0.907346123543528	0.871672101045353	0.973635186956704	0.944675274771528	0.993317043863233	0.74423530972482	0.925185260710171	0.860998600855378	0.722989242664296	0.969430743776955	0.845714167037696	0.663102521552429	0.674898616640671	0.54901196963037	0.702451065135299	0.82902407413267	0.712061004156024	0.89444405684324	0.660817816662427	0.868042209658205	0.63495146768303	0.709438727161979	0.671475411480183	0.763281960999798	0.770123359596266	0.750600380136259	0.680794593854336	0.808139193209069	0.490208193483007	0.553054587916083	0.459149547015669	0.634763825807158	0.232925687153123	0.831564724764156	0.790125151239561	0.772169661940746	0.899400859579649	0.771741968859993	0.635795029558925	0.756556420957545	0.620601871824907	0.663147597611084	0.704589117050642	0.56500997964953	0.593790101306947	0.541494706640638	0.856085163080439	0.688985050217133	0.674548121746961	0.865497282227009	0.720976259342576	0.712565532222005	0.864875205324723	0.799344991899373	0.736066856464771	0.864944140593285	0.888288056814505	0.671384012666405	0.729340587250123	0.773435649051084	0.843951783288927	0.884285201152475	0.764204027375662	0.857587751552791	0.806154316526235	0.802280986154957	0.849816653665918	0.58483191390207	0.707266051623505	0.780418386382434	0.599728802552494	0.630774320594195	0.822853864056475	0.769893005665007	0.733797410039306	0.564340968941414	0.810657380356829	0.621256432507349	0.717650337533532	0.655184977469368
0.80283144888668	0.702410751359512	0.872846688866152	0.70914406256896	0.842582352027919	0.77402108525183	0.82941249519466	0.791894637247937	0.819571349105168	0.814522217640369	0	0.540983837401619	0.627038059349919	0.732642785427609	0.650220441587865	0.761105185891721	0.837468552208256	0.760394878664455	0.852917698470469	0.79797698486693	0.74037198906017	0.78152050146785	0.942659381340601	0.813585326959972	0.910014657749875	0.930680620474554	0.882995420488802	0.78692841545715	0.807483439545233	0.815573103895782	0.835241116851596	0.861539280420611	0.848181357916721	0.970249343569102	0.949374829484425	0.981642493364662	0.985554183630886	0.998454492255678	0.886196136219709	0.966565708543028	0.976142256526954	0.812740809144339	0.983925527812913	0.878807542178113	0.872837801240523	0.842046092523965	0.789776314407406	0.70631751650635	0.827144169146551	0.822224310230337	0.950046596449047	0.781939207411291	0.84654778134284	0.786203921799089	0.743392845513912	0.647515977073048	0.887298388627846	0.726710042976108	0.902828348461815	0.728516484687771	0.849230447687134	0.771697706203459	0.846630681429288	0.808875379192299	0.859635659457043	0.776003219278496	0.374730004599371	0.482475233510602	0.623411166026541	0.619474553683306	0.690030250134856	0.736296941416117	0.741544318617966	0.759006337155623	0.801635712211191	0.888508927955733	0.744528342699766	0.738661152468738	0.803598678989792	0.847262617602425	0.828685240149504	0.847185688024472	0.922753005123625	0.920144001525504	0.868319319106551	0.950338804694639	0.664737019871594	0.757237569618895	0.673650763762213	0.834544380206066	0.787402616313542	0.762104475251328	0.883464790742525	0.746331998494355	0.896240534394946	0.864634158484647	0.947179579671835	0.945287740421568	0.773285309927241	0.904203830822686	0.718142194500662	0.737477716822814	0.892440060397148	0.816172699751962	0.910249700711381	0.819950729704951	0.790521850010176	0.847795412247754	0.793133697235269	0.750934518914133	0.806247389749418	0.694810602076431	0.649000074146703
0.808741975277021	0.719743283365376	0.775861338250492	0.634573170406867	0.746554592172132	0.736392623553742	0.775925733427013	0.75544511033592	0.816825286643538	0.788997642836838	0.540983837401619	0	0.59159810685062	0.815280599424867	0.723452632456333	0.744626323778462	0.885421475921601	0.76359139009739	0.866932221819485	0.769588630298219	0.700779493908338	0.812277993185257	0.899785099886493	0.818258416706081	0.896531471409436	0.886749754385389	0.879601390182529	0.869966970191344	0.813185298304955	0.843345678491748	0.866185374065852	0.9113487325401	0.873392037212691	0.954952137469676	0.975801069420656	0.971228710789665	0.993666521962262	0.989212366549665	0.905606952703493	0.969299844829879	0.981157923874766	0.709181674704788	0.986504742403417	0.948130761416778	0.874244408364558	0.889653070246041	0.802924311516579	0.825553089173307	0.887454926412217	0.864295894014441	0.985726194150855	0.86557423876596	0.755130204571445	0.655675004437583	0.734990184149778	0.716880428222593	0.846332569663861	0.718325454828866	0.821777351611541	0.651128844931905	0.761833049655813	0.715208156620261	0.774426477955786	0.738370254566903	0.841559591052163	0.737324881318003	0.607078037315116	0.396581653482033	0.563573612750839	0.722543219302921	0.702790248210441	0.731216975905734	0.796545391702572	0.766669784244644	0.832150736859988	0.889231625434886	0.717767287748821	0.721891586416638	0.811529097675126	0.801093902436926	0.829510901317468	0.822805567117384	0.942658858885229	0.911409833791895	0.879636832805975	0.949884338617393	0.77278971184733	0.811733466914562	0.728987011657405	0.841000164774117	0.745856291810954	0.779030495361388	0.917324045083203	0.85511193815747	0.920795842019568	0.898352363676943	0.953550879559874	0.941719665587385	0.681401691625807	0.900580180005042	0.782068632023654	0.816769571322398	0.881649780752956	0.793270274338794	0.886542967571344	0.891315917769784	0.878524975941363	0.900625428536093	0.824519115553619	0.688427688404119	0.71981813274036	0.671861046412923	0.722914985390108
0.833692071437594	0.762348924967868	0.853675223763406	0.708766571515673	0.82669391344758	0.695301813021076	0.809309771192099	0.731069570096003	0.762309660606003	0.784932764105841	0.627038059349919	0.59159810685062	0	0.723666203336273	0.591132319685626	0.580932067838041	0.809677023836026	0.672327998547749	0.772561255480848	0.691355167523803	0.568104375735957	0.681003598178306	0.838235502981547	0.718460549743266	0.816108521123218	0.885205503636987	0.814518964724707	0.851482668408932	0.731073609099584	0.700589739831583	0.671085560461851	0.812221597123829	0.784984545010802	0.925302709082874	0.949316329782655	0.929916854225422	0.954042604984888	0.990102047172142	0.811217189954349	0.945639843872351	0.954771951183969	0.710587600660522	0.978938010144836	0.954868558679	0.832228546770109	0.90561689794942	0.791450270206914	0.80574708023908	0.889275807762706	0.873118299591899	0.94694930022367	0.840682513133294	0.707560262022405	0.752791153646894	0.769928616297889	0.780286763080613	0.886266125105781	0.785469081225547	0.879718791082638	0.737851418107121	0.830130810755586	0.712013004077189	0.815955876245672	0.738555928491382	0.767321329623826	0.76027025239021	0.657745094663416	0.472143288680448	0.245225629748473	0.818712990492874	0.529252369659641	0.549623156823227	0.771960035789828	0.711591533761549	0.856340981796109	0.808394799778539	0.635093118362532	0.573624918982651	0.691004421766065	0.753970675942141	0.794048605805582	0.748145210427206	0.919230091062967	0.854283114292636	0.810960375887665	0.913834569504116	0.788222738319568	0.737995069757243	0.554288344564671	0.696585851509736	0.660800162770441	0.767885638357284	0.885951399612261	0.759094080784495	0.856809691913579	0.87732145452464	0.938538967513962	0.908980833984584	0.595874694254289	0.874658864669699	0.769224413068412	0.837449218535482	0.814160667948003	0.815829157870678	0.905922868896945	0.881898230620414	0.878895597143478	0.935990563965591	0.834555891933844	0.768733816970348	0.804990299640679	0.697254491964563	0.794604970720401
0.979298258596538	0.962705158532765	0.969054632780877	0.857718715482053	0.930763500310406	0.847644168632314	0.90062110032034	0.849745749413828	0.84856300651688	0.878542892153303	0.732642785427609	0.815280599424867	0.723666203336273	0	0.604289490047447	0.816559007728564	0.704476025093233	0.68529046328952	0.821500512978146	0.85140204277017	0.769734275306376	0.792131091836012	0.908258311734914	0.846389002614867	0.92154887173143	0.934266507130149	0.934482295561724	0.833981033451986	0.896981373689051	0.863314861475129	0.889605359104017	0.90532298944152	0.918060664706077	0.97668977554881	0.974707712152387	0.97939600774648	0.984870317469917	0.999109423509299	0.94715272313218	0.984864640842462	0.990508575770632	0.925550501839393	0.996539336616837	0.952211156044913	0.906531257757059	0.94119766018489	0.894191651686885	0.891272202898577	0.930083908622463	0.926707123366856	0.981558167153654	0.905295212074351	0.879731484796656	0.916574315295748	0.905244755818717	0.871470421937494	0.994630354710823	0.970376788834904	0.971398529472953	0.877342480993425	0.936933005465495	0.854369072286956	0.915073162771673	0.875126599249015	0.843658378980795	0.881539138437483	0.749567866628027	0.731257277213802	0.751949050779508	0.823327933473472	0.734569274088008	0.772286574587923	0.750756122623836	0.720115912418305	0.899925105129388	0.849545671316966	0.802483551803741	0.773013609937222	0.825155164579873	0.886121772674258	0.900643234376163	0.886623558954147	0.98884696582335	0.954363248715437	0.934326420319362	0.979263324832116	0.839586087211659	0.901522650834851	0.791922638235774	0.933639612833242	0.839565592294339	0.923654300115778	0.936442981819496	0.90602194549829	0.981750140401819	0.968059596379352	0.99338833759213	0.976405535927836	0.902667503694142	0.951484707496556	0.864351682553089	0.906201518544686	0.947709940078065	0.933317629570617	0.956314878257772	0.973243706713949	0.887277049985206	0.947825636166725	0.910660240824432	0.877395758900836	0.929816683498294	0.896496519299661	0.891760962572082
0.873494527192475	0.832385861332083	0.879082684005264	0.723116085010378	0.866361335117162	0.613163026667041	0.738641784344102	0.647710695458852	0.680158074155029	0.693651651941461	0.650220441587865	0.723452632456333	0.591132319685626	0.604289490047447	0	0.652080650904824	0.658970346983496	0.550634089853726	0.646434869940187	0.697823034811143	0.598267152980727	0.640033682103618	0.917738580830737	0.752389171205343	0.829001413604244	0.922174071845125	0.866734291164637	0.85243468407757	0.7247897894967	0.844506514919326	0.79271567567996	0.809375446380212	0.815211174062074	0.953355639863498	0.927238835196095	0.9607557783805	0.946539826772262	0.999974609012561	0.82652138309896	0.938178033900795	0.962049185863596	0.804689296476527	0.995666137830565	0.837692425011548	0.789359818717244	0.806215096791121	0.699894049599793	0.718838321708624	0.820149691499519	0.786278238265393	0.922348814289176	0.738699876881565	0.825081326375303	0.762861517607412	0.751378471867834	0.705594509708726	0.904210222330462	0.83596653874248	0.886708406446827	0.730239195073693	0.870091709078553	0.61129804996683	0.76430723759442	0.702969399282646	0.755635712228437	0.67231742322933	0.653679979521352	0.606930921796026	0.589488440759965	0.793387195411166	0.513470387859343	0.56541218630525	0.626875130281638	0.560725299725229	0.743428212882469	0.732105859861988	0.659709589134408	0.583831634064078	0.657185774172441	0.834699896242506	0.835620913103528	0.795853753487313	0.910452496139225	0.857478011840966	0.87003850637523	0.947278939147363	0.765882701633594	0.757889116313171	0.677805034798131	0.838576471609899	0.715071051899854	0.790619441747832	0.848736066995109	0.779062195815701	0.912134920946031	0.854709763342482	0.928591897009875	0.934677190399554	0.811929550071582	0.929639422374139	0.678386611385044	0.744241448134509	0.861208660595068	0.794740624399103	0.848748356561292	0.854287457353098	0.776576888006845	0.857132950367071	0.750570304626174	0.780297822965324	0.76871269823015	0.750691550127385	0.701992246370885
0.838399089887742	0.7838697461334	0.760007637067446	0.700218933832322	0.818526948228636	0.53981752232312	0.724354892594987	0.572656943144142	0.638308763581339	0.627143341227607	0.761105185891721	0.744626323778462	0.580932067838041	0.816559007728564	0.652080650904824	0	0.728204884621644	0.65587773288313	0.62142733570638	0.554518468039823	0.540141874300092	0.497469542755451	0.870401335635314	0.609891906233099	0.65795410954714	0.838632088088945	0.613436771997902	0.923479742525717	0.693338768970893	0.854636105176125	0.737504412666317	0.758155305540514	0.624334086344506	0.866265139499433	0.888778534253601	0.968085940216768	0.961352905118115	0.963224731759088	0.699356167949058	0.896273720233605	0.887663175241385	0.746571791490658	0.957117730392466	0.930139025703564	0.715859843056886	0.831116550991914	0.655623442546767	0.826006203820146	0.894859114795573	0.7813700572785	0.886186128737206	0.749111185413559	0.812410468359828	0.707470086937608	0.739277812346729	0.787734081380637	0.790143785125299	0.780381942801444	0.810383786908686	0.73303435387458	0.835646886500566	0.605635833237938	0.718007362682734	0.59983287561177	0.652552516011618	0.598966334208726	0.831116080601843	0.718160263182524	0.622376130157542	0.923522334813585	0.690296493979958	0.384759757194884	0.713486316682147	0.679127181616685	0.734711947202583	0.713385323635402	0.565097077906316	0.563889730253995	0.511947908639752	0.759397967834593	0.702202276197212	0.617999968020196	0.844794196099683	0.690673502254567	0.636901636132584	0.851308427412006	0.863505009524492	0.703343390445763	0.742363500498765	0.766765827190205	0.559644105951267	0.591201989303585	0.778200883834601	0.81853372337689	0.844633708907822	0.7615408425404	0.821012657603392	0.770819061561363	0.735226593074923	0.823306083287124	0.763237492345718	0.82347225331372	0.720941198978848	0.735674339510112	0.757797542216685	0.858171968961414	0.892645635078332	0.869636822643311	0.702951028348192	0.819641121128506	0.72091239640349	0.732709564445988	0.793081026830647
0.955170167338184	0.939207630506082	0.937065712185832	0.890556539742958	0.966241931524068	0.807358092533331	0.848288861495986	0.762974410426853	0.78857787735122	0.81821812258531	0.837468552208256	0.885421475921601	0.809677023836026	0.704476025093233	0.658970346983496	0.728204884621644	0	0.572292398777311	0.610090526697226	0.748148969645769	0.765512745186947	0.676132012982336	0.843949123856416	0.747707835643638	0.837036379552851	0.88358989713801	0.857827194637691	0.921544821248425	0.846469736268073	0.862401304169386	0.862501944244856	0.815533883889682	0.813592946498399	0.901893936094604	0.952815394986694	0.961631314945784	0.963369277262881	0.975897647504309	0.822555083310189	0.935903389560662	0.94943114147066	0.918278670753263	0.994074175408978	0.943886943389697	0.837287394440477	0.919770759008072	0.838547791320051	0.88506836161511	0.922219462380026	0.883340333257401	0.921771913904605	0.825423452451402	0.896662340998995	0.91128301605992	0.902412291362268	0.832065767553241	0.950736461934987	0.938850424788451	0.944058644466556	0.890804485890304	0.969054698846241	0.817774788894544	0.865200920865825	0.785860029415462	0.768752543284957	0.803060750084841	0.862901954047434	0.859026560661291	0.838346024914854	0.903475768657561	0.699831867848473	0.714666292328227	0.66185698284497	0.604154382164497	0.750268453408226	0.656427166159357	0.708137080677498	0.768530981558481	0.654990128877655	0.797309435879056	0.89750344260791	0.795581668443165	0.933329873080443	0.852912157007407	0.860896437443135	0.942982996824786	0.893089168320679	0.867974622985945	0.808159143551068	0.889978449100178	0.731455374815564	0.834730027705555	0.868291730859793	0.902210776113351	0.947880803293259	0.886527589248541	0.92113919022804	0.917204629397029	0.911913339226387	0.943261376450287	0.838974189551077	0.889366477409752	0.86982779339738	0.908218620850909	0.89889805183057	0.936809216437562	0.901605871424242	0.927592133790637	0.819556796507345	0.89120452572932	0.894868429481789	0.88595498708488	0.857906666917774
0.907371708480147	0.898009632383356	0.894189295834659	0.797563306801999	0.914221951694557	0.682219289313327	0.765560277388584	0.600999022656455	0.651441024378915	0.693286876186769	0.760394878664455	0.76359139009739	0.672327998547749	0.68529046328952	0.550634089853726	0.65587773288313	0.572292398777311	0	0.461134455612926	0.589766073873695	0.55885778255732	0.533861647041754	0.735647284925258	0.612646382632772	0.767514935178291	0.83729788904562	0.825501618651727	0.852271745063009	0.759792451702844	0.797977502052077	0.830703592369418	0.831111523269637	0.793819925908578	0.881938683966682	0.920291692418968	0.942342367530917	0.941314902862596	0.989808570442953	0.797665666536545	0.935857365843434	0.968022146264543	0.862122310257214	0.998206439901453	0.91972587340717	0.826558561992337	0.887004137908538	0.760885619745844	0.786092388663959	0.856750498784739	0.850440167705982	0.924421890124906	0.747389708883749	0.773206022972814	0.810091241833873	0.79136362152864	0.710605363174311	0.901883195203404	0.892209537920417	0.904622510132924	0.779023642797589	0.91917274608318	0.688602679921965	0.782752655511716	0.643475139073077	0.632671858244178	0.662950421248059	0.796577352231222	0.707309489298255	0.699072151574645	0.876758185898195	0.598032962206231	0.622460960934187	0.656408117477576	0.328958497209438	0.711498149033826	0.561265265347352	0.536159892524513	0.555442011494139	0.534533145586142	0.641932890176141	0.850388393664675	0.717697868143619	0.921387812166071	0.790943837337702	0.80946623987911	0.930309289946686	0.818834372779299	0.803121399065278	0.685217423249901	0.838999498915908	0.658056036230565	0.789894814654635	0.826373507083375	0.856133539649345	0.902249284570363	0.882339037076849	0.913656182900577	0.898230693295857	0.863222942031326	0.94195219718105	0.744151795855729	0.829689644121939	0.86135277712764	0.847117809926439	0.857675278707358	0.865599750485741	0.839580996205497	0.925580174553986	0.730880303650922	0.828228866429521	0.804454533552443	0.770750033109483	0.750546235422584
0.89242826922222	0.88829164466828	0.868973871199209	0.818543638788281	0.93223130377178	0.631023883758114	0.695658826668094	0.514220074476791	0.621086684975495	0.612013089698833	0.852917698470469	0.866932221819485	0.772561255480848	0.821500512978146	0.646434869940187	0.62142733570638	0.610090526697226	0.461134455612926	0	0.506411206443496	0.610809655553891	0.441588953963512	0.810605346964412	0.584781289887122	0.686720094167844	0.824885726073246	0.723712759506096	0.904703180243992	0.718830256526743	0.894175208683611	0.829650908439741	0.791420296696086	0.725330735078153	0.8536289441752	0.888957621209374	0.94359794480373	0.923571096599852	0.976066367029459	0.73541574204146	0.918392965380559	0.9287338125591	0.850818425002037	0.992486076302175	0.886372845231474	0.77971803477638	0.833615704520076	0.727759931672421	0.78814140437342	0.868409781998867	0.818708147234794	0.884268008185348	0.710597293594906	0.848586478185075	0.793770405070329	0.762968931765286	0.735492460065661	0.862909145423549	0.878398452559998	0.878511621049094	0.80039665628502	0.943267118220582	0.671015694490095	0.714824720943853	0.564249875463035	0.569412481429013	0.594093650674033	0.882934332434942	0.832709724053868	0.793642630873706	0.945376444277061	0.699436048603197	0.613686295845528	0.709189883284094	0.458098543108379	0.702528166357229	0.413406972062275	0.503824162252061	0.604272950694904	0.404798004833693	0.727637998839586	0.837088485359634	0.667965803939576	0.88417218891374	0.712271395505268	0.735396228903724	0.858214134488573	0.850990211804667	0.786532000607334	0.781149545150196	0.818503283252812	0.662879287709615	0.751023959436672	0.793944303746017	0.845400312260204	0.874786837238878	0.840034594531719	0.864970274212311	0.85329266578423	0.874459535905922	0.925438567442104	0.705585104389507	0.814632081558752	0.785546134197222	0.793897579259075	0.799695783076504	0.857769111194827	0.840038013506248	0.897800248930531	0.685527928582523	0.845182081217932	0.770262686585213	0.797109807232451	0.758246535382133
