0	0.655810942627833	0.710951015443904	0.84063843323314	0.816443628518662	0.992061610399619	0.996043618124215	0.990954220303047	0.965501785718165	0.887401537498225	0.816729327159195	0.996203979321104	0.87121773179513	0.853585434518936	0.847110749625105	0.973664881352867	0.9676570289489	0.904733068014183	0.926667210840443	0.871824546779719	0.974398660535838	0.952872028277879	0.931844728752639	0.999963629055311	0.874401104442408	0.999138903010764	0.994806696643525	0.954414262635851	0.956214278915776	0.992003414291285	0.958323076107661	0.919576840309743	0.992375835674786	0.997840987613482	0.931932620396593	0.999246867970815	0.992169862941368	0.993526612953321	0.950440560484298	0.996781807432914	0.994283578434683	0.998152659714233	0.947995596876348	0.944575007817886	0.891235115993011	0.958188323338504	0.999837163981077	0.952947545843401	0.98926427337588	0.969226704857354	0.97331499388334	0.981842123230293	0.990614781988399	0.994585416266282	0.999900354170089	0.946172375595843	0.431683394358837	0.606096636597529	0.737313588789279	0.801397709918939	0.670816288957864	0.996581690596477	0.978126002071453	0.99199754728765	0.999678902931938	0.819629569901441	0.892545020383849	0.803302453501669	0.848723730648982	0.846600329829629	0.904316422903046	0.983741175136875	0.848309375239971	0.949145501240574	0.94125292092669	0.934297833529465	0.840487251519929	0.996995044386698	0.93841047768615	0.881192304448171	0.992654585572288	0.984520426855503	0.766604885118247	0.891623816568301	0.986283294856083	0.994913998037899	0.911365466389763	0.994108239081586	0.988918933728013	0.965630974694644	0.977370828533128	0.999990746897353	0.960307191617718	0.974878756321037	0.99629448037233	0.966430824190224	0.876309665474402	0.997405242169812	0.999171471081933	0.965550090311646	0.968664618311174	0.986492749752865	0.923207230526137	0.985725979052204	0.999626024272554	0.919589061956561	0.812737319554756	0.952791036709582	0.978927026888733	0.999850192484096	0.997173073313015	0.99231944259605	0.866432592300466
0.655810942627833	0	0.820470884328711	0.709392376708942	0.688893563874246	0.992796478005027	0.968851046787013	0.965565724181904	0.954480112950779	0.779700466835322	0.842951291935415	0.98584856441228	0.893204903217432	0.902727254762695	0.84578854958201	0.973796437329628	0.978448802278783	0.817435162101177	0.794860795992364	0.821247352803438	0.884878415950357	0.885544067228201	0.881285761835218	0.997898480037994	0.888225869157458	0.99504650695622	0.999990043024234	0.965980904506334	0.976893551168483	0.960893841652276	0.985279786406969	0.802198091204451	0.966427559189347	0.99984331330346	0.928288830339904	0.985654365110513	0.992747679465879	0.94817656494737	0.853820261352807	0.987349499403537	0.967669965691572	0.969523904443553	0.939092049982148	0.835407053881877	0.740159425507937	0.846144016719057	0.999971989354052	0.985154686457207	0.92717118698253	0.92636911566058	0.924662468446065	0.98398193671407	0.926915915250513	0.944981915532328	0.99918569172152	0.804052164538035	0.630794476173349	0.407338247313353	0.817965911496748	0.747990392963987	0.552221917586123	0.992284719585211	0.935950839662409	0.948445044016976	0.947773750656662	0.665827983317567	0.893304815595296	0.773746436481564	0.779237142109023	0.834459027502821	0.884307856914414	0.971603513169312	0.9165227759924	0.829062580218732	0.907164855693777	0.798607427345169	0.703515148222665	0.989567776443902	0.81551010043074	0.894449290630036	0.996079813820439	0.999792974034057	0.773780986035573	0.906992961497802	0.99861349516702	0.962546690518353	0.947795435253688	0.995792250010153	0.997166389239239	0.999740644849473	0.889351009834714	0.961683817277357	0.950281060300241	0.99999702810714	0.978410203265119	0.882150710466964	0.913538845650599	0.981064602806623	0.993221331094885	0.9734720867126	0.946852474624225	0.929067218947853	0.843127358880665	0.917582345843552	0.992615893870583	0.954770964266173	0.844508517748478	0.904638666002896	0.970617598008962	0.963797088108385	0.96563610791036	0.994146586021819	0.776601550581059
0.710951015443904	0.820470884328711	0	0.616928750524414	0.836457028651998	0.996085237595628	0.927988436232028	0.95517914493795	0.935308228685802	0.948190342734008	0.831834927404633	0.999460729579647	0.933667343413124	0.948321318460303	0.919508093268197	0.990000251843012	0.991726079454721	0.969985991721717	0.949846419471566	0.89936330505337	0.999404018937813	0.903232481177118	0.984857928166972	0.995625217562531	0.860081404722016	0.986853739844155	0.955649500795019	0.910396695052721	0.998943198391877	0.985523525020745	0.963214155867704	0.968665130679714	0.977894293242986	0.996571391381835	0.936131234659312	0.999530356663106	0.99833564927693	0.999855194682182	0.987520803247172	0.972131615527611	0.995344030281492	0.987483555343713	0.995675563864236	0.935062500746686	0.957712989887239	0.96161945681143	0.995742139099281	0.972718575934691	0.988282018403631	0.999848145739179	0.999580239831108	0.939266996039542	0.966647122013198	0.998288397403157	0.992803271757647	0.930888035855462	0.787854875870289	0.853968276904379	0.526267356087626	0.686668414021581	0.734065233598293	0.992504666188596	0.922189338711242	0.963574086678018	0.982814031045533	0.900356036765843	0.925980498980699	0.870659928437048	0.930707867722812	0.972978895576672	0.956171250200017	0.996851430724523	0.831239331383177	0.991518052472371	0.835601063366743	0.950200940035858	0.86698820524766	0.991939438576962	0.890498578316921	0.906891623990087	0.979154089682424	0.985848625653493	0.95537850053663	0.902114440111089	0.888187071952795	0.995946587226398	0.946946619866007	0.999442086009441	0.997977515815774	0.992116958655492	0.982805795915286	0.979688277667298	0.994455664848579	0.999309177466334	0.987229336727433	0.99156432184561	0.993705422239566	0.994980955121794	0.989413065910985	0.98889486362373	0.956987014915621	0.948681807644346	0.97069480436456	0.968259616008807	0.997637691155521	0.986576456573125	0.892452312616728	0.999374686038005	0.967166438985093	0.999997195360585	0.99406246502891	0.997265654297524	0.953003477192238
0.84063843323314	0.709392376708942	0.616928750524414	0	0.796125835131818	0.973046012880193	0.870356748974058	0.919755257761539	0.962190206202674	0.844984866275169	0.886159237148714	0.967936064409278	0.981709454095784	0.954178744249074	0.935674641610692	0.99940450697981	0.999407631139539	0.951414965477879	0.917487041351581	0.891113147039725	0.976339013841536	0.930488794475659	0.951497970970212	0.999703542960075	0.898125861228274	0.986733702307532	0.98642132069407	0.967057201795445	0.998908177791778	0.99244684053811	0.997346385230752	0.935999899505779	0.999408726590565	0.95692633883527	0.931511793419403	0.98583646140466	0.980654010081417	0.999954677323001	0.971157636930191	0.964635680067099	0.999204473901996	0.949325946000089	0.999451772749303	0.932350026938193	0.93400278384355	0.948564338197845	0.999142049015696	0.971613362640136	0.991969637921757	0.998962820006411	0.999987874024783	0.91652954315838	0.937130728142712	0.994057433270492	0.980634356896137	0.81853791829403	0.849916302144412	0.776031592194689	0.734834562476931	0.48684045690047	0.724013146173033	0.997005907403554	0.861893789978468	0.929043725150679	0.91957413239618	0.805326319430308	0.896144773298629	0.889898770655095	0.945596551154153	0.961695151050525	0.956911486110925	0.996374399836735	0.906329418077753	0.971149567893604	0.888800368310088	0.908397731040805	0.859495598132483	0.96847787373841	0.854481599127084	0.923058495769626	0.971738317579208	0.995280141277495	0.971882870933487	0.94069685083912	0.930226453654318	0.994958016115436	0.979747302056361	0.99948921376911	0.994254919435127	0.991287721004688	0.953270010465578	0.999862172808629	0.993433713006319	0.9977852843986	0.975477620680399	0.987708244710261	0.993384727320013	0.99834671096349	0.977285680554016	0.999522694682175	0.980574845763152	0.95479568182151	0.970369623686953	0.960796978542869	0.999364748724303	0.981058163464385	0.905889843735693	0.999975033756563	0.879724924978712	0.981500352430975	0.993549634859924	0.998192784186517	0.882836140382007
0.816443628518662	0.688893563874246	0.836457028651998	0.796125835131818	0	0.99315680072381	0.951484042029856	0.949123501157684	0.948232568207575	0.907720522889519	0.949895567041744	0.999366265009899	0.937875630123114	0.955580855613056	0.895456545229482	0.992358325713295	0.997489515400221	0.935173503375226	0.946433475676938	0.917275480280948	0.977071186293093	0.897425589884496	0.969992004589742	0.987198607932217	0.87176371626499	0.993153432615393	0.996896016248714	0.99668427869734	0.999983642199934	0.997867109993787	0.995994662934396	0.915328634707992	0.952357098446248	0.998679982383127	0.927244182903163	0.991332587225571	0.990372219453413	0.994441590899779	0.961364609140376	0.996648601532043	0.984958718625974	0.998285976350027	0.97310342018666	0.964828169203518	0.932194662224209	0.979983530224097	0.974442367542625	0.98965711512772	0.995794329193816	0.999726698264582	0.990092876439218	0.985380858436173	0.992158346684474	0.999491704361415	0.998013718458339	0.809998762313393	0.73948286072862	0.705777799867509	0.869375931552231	0.844298099226266	0.44653799416177	0.991998058358937	0.915581951230074	0.934503416098719	0.959318400224244	0.81066224746966	0.951824376780407	0.707186966713294	0.872424339173634	0.86284526106367	0.951947779827632	0.994328284808352	0.944808081801763	0.927802780528032	0.973891400748807	0.895323383293469	0.917388389913625	0.998487994648224	0.907273729648204	0.925812698690632	0.967198445476742	0.967321841855312	0.895579671945142	0.963954614935503	0.979385295576788	0.985088843030744	0.998253302736971	0.99356513174076	0.993571411369434	0.981070942772063	0.942283267242313	0.975122270535544	0.955249693306967	0.996821820046402	0.991439403786255	0.94875423299488	0.920516711729217	0.98758597798336	0.993668747334177	0.990563926572214	0.979465031324233	0.994862790873133	0.966100482272536	0.998858703410789	0.989242817512453	0.985685222827016	0.945956006173425	0.99058507491241	0.962922767949417	0.999999981210632	0.999582289478646	0.997810438631543	0.83148512764952
0.992061610399619	0.992796478005027	0.996085237595628	0.973046012880193	0.99315680072381	0	0.741773045742278	0.862462533873943	0.970314386624523	0.983382400099985	0.972404108323012	0.999956675868867	0.999670781351975	0.992534072151398	0.947653781319602	0.99637867137283	0.983507727448647	0.985232050154373	0.99317800092863	0.963225967977696	0.937269976793762	0.979935952789788	0.909205536465943	0.999059725962898	0.953038587517744	0.990428599464765	0.995971733155312	0.999534589857095	0.984245797903335	0.996901850649677	0.999578526145321	0.976917335535775	0.999855085310277	0.988349090070319	0.999986190270169	0.982003079218906	0.981844340053809	0.970561330642052	0.995586167110811	0.985208850188366	0.987960342884541	0.983513031562252	0.995365966010185	0.973103324067788	0.95893788529669	0.965735727343802	0.999988684143805	0.984894209830343	0.998785725320234	0.968790543392434	0.969937804997202	0.976498748584321	0.99876136417785	0.965679627953435	0.957552382165734	0.972471854940237	0.977600360827605	0.999984692489932	0.994209101172308	0.985277188133336	0.999408108253438	0.627718628981469	0.768662003162323	0.847199316979821	0.913187747749912	0.984901668455386	0.977835512441014	0.996232974955688	0.998208337872984	0.998125451613029	0.940034911055779	0.989797503958001	0.998646637393695	0.999855313371633	0.998693204769888	0.985394290933208	0.988166374176612	0.992904907556835	0.9671243073026	0.974984452653668	0.980545345516725	0.991324485747985	0.946071035724629	0.936916114361996	0.992610074327626	0.990327129959619	0.987276356196189	0.975646195784504	0.998592654944764	0.986415761255414	0.999895591607229	0.999978990606689	0.986868196262519	0.991257777969606	0.997593235724339	0.968009174746603	0.92467909483821	0.991431073532629	0.994547957445786	0.988464929873063	0.982033089455424	0.994559848794618	0.944189117280277	0.980841663083991	0.993637292629637	0.981895436144642	0.994884438477102	0.940817211167229	0.999343476889893	0.998535016746387	0.995185733684447	0.914995929916147	0.998920040814221
0.996043618124215	0.968851046787013	0.927988436232028	0.870356748974058	0.951484042029856	0.741773045742278	0	0.650486300904955	0.911797763964659	0.900754930588332	0.926755084841692	0.999826475343483	0.999105505775012	0.998852593661139	0.90198918623142	0.996776821268386	0.946661443021041	0.996678509549545	0.994182158511986	0.999383264557322	0.946578868635181	0.917277761549947	0.99523156056422	0.993590421545405	0.988125726934352	0.999444417860799	0.964812634850058	0.985395605571889	0.994221006554087	0.998112039912292	0.992172945268675	0.999716766509583	0.994894816222861	0.992646545999127	0.997666032472048	0.964108671543593	0.999746032625721	0.96100911096242	0.998901980554976	0.99519071262546	0.995532910905528	0.996528970759038	0.99866089664318	0.997289915474728	0.99560425533178	0.996051213175586	0.99638732762462	0.997258392377717	0.998251685550505	0.984579352460406	0.979921403733834	0.997136938016989	0.979726974618697	0.994650623333926	0.983263201837814	0.958058753971391	0.999983958881264	0.987559812036752	0.986334894139331	0.915408756503196	0.953024360732996	0.846483824682713	0.346792332120023	0.738307404888763	0.868431722978156	0.939584664899877	0.959372081757319	0.999670382408026	0.999698403329829	0.992555255145006	0.937542742159838	0.997742745804143	0.965892395176929	0.976540755495368	0.976357449623109	0.998890734928131	0.99684928667918	0.971375177851985	0.946316774617754	0.998527064411766	0.983280432724885	0.997894162995626	0.99279668499486	0.997149394925211	0.967962570192847	0.963464942571455	0.999997553873707	0.976210936482666	0.994847210311125	0.997590614643579	0.989633142012733	0.999796891198313	0.995834419536253	0.983737165201363	0.991899411194774	0.99702741646937	0.923738773175725	0.995827134567516	0.996944498897594	0.997796597352573	0.998303743330192	0.999913597204212	0.995120461830096	0.99991148304008	0.962303623802171	0.993719718255493	0.996518227187568	0.987226704899888	0.999999616674031	0.984341769803252	0.999964339241783	0.963341911979056	0.975176946736918
0.990954220303047	0.965565724181904	0.95517914493795	0.919755257761539	0.949123501157684	0.862462533873943	0.650486300904955	0	0.890710875897854	0.84171821785751	0.938872938678079	0.996758685722967	0.995566825840755	0.989960670020933	0.913112019093514	0.99926697328948	0.967072861326766	0.943901788539713	0.962080208172753	0.993612476677355	0.934659187136386	0.842408568320707	0.997810018456846	0.999998880579167	0.999626353900898	0.99668494317825	0.97161974794796	0.992135901619106	0.993742679739876	0.986687944011234	0.99756285468471	0.97520035031723	0.998342806924597	0.995085356446182	0.990131651502541	0.940104788561638	0.987551896766489	0.994377150390406	0.974789628664147	0.990702673211047	0.999900460640666	0.994539521569968	0.959680731403832	0.995643163720902	0.998525607372356	0.999561872661091	0.997353515479181	0.999382112093761	0.989591335322826	0.999999484549134	0.99966859349921	0.987429803154716	0.974813869670561	0.999122808453181	0.969364146931089	0.891689412773081	0.996928477274828	0.975695291765295	0.989259617962231	0.910288930173272	0.940828765797792	0.897170883599917	0.646613224903762	0.543680386425171	0.74587507701163	0.914271856000403	0.955010790829621	0.994090185993753	0.999456204629114	0.988479409940297	0.936199777953804	0.994832760221541	0.994105954326328	0.888713830014185	0.989758650424308	0.924434426735378	0.977387079267978	0.990091137312677	0.945143022240053	0.998489736785968	0.984144191849325	0.992305220038308	0.999880301880107	0.993619924509774	0.993281778780689	0.99976782346725	0.99566415900985	0.999133520098714	0.984510880664139	0.982743671964279	0.947880178285999	0.994066511307922	0.992246492151875	0.992703879189151	0.980642774026677	0.996886851408232	0.993237200314058	0.999523545926154	0.999999205280057	0.997222740456281	0.993628996503233	0.994376781154207	0.999374793554146	0.999964650560892	0.997727400004753	0.999687315932341	0.990022987050996	0.999894236399669	0.992885150408448	0.990323648514101	0.998603669791839	0.96207365856571	0.904285162614703
0.965501785718165	0.954480112950779	0.935308228685802	0.962190206202674	0.948232568207575	0.970314386624523	0.911797763964659	0.890710875897854	0	0.942230172529598	0.925983024489541	0.998222934193034	0.992624773635935	0.987254251874696	0.968680832406565	0.98983329743914	0.957775462895847	0.958643449851108	0.957898245313544	0.920262354703197	0.967791634493677	0.863589924387193	0.999782727248859	0.99180241259049	0.99329568951654	0.99975581534478	0.975120726416972	0.892214017403781	0.99357913798963	0.999654003954722	0.989865337812831	0.978250568880444	0.998256628774602	0.995047133159206	0.976008701205289	0.999950014957756	0.999287570409819	0.976626200606939	0.972979360133044	0.999541251683146	0.998503267591509	0.998075132666831	0.968216014274698	0.987833150271107	0.979448155075342	0.987641871539099	0.999221671595248	0.995971579214211	0.980934029526642	0.983185752396503	0.991578827657377	0.99234440681425	0.993937775123139	0.999156532474154	0.983697106904157	0.967406967618255	0.985114739064889	0.968004378627296	0.939597362416567	0.920027009149221	0.927527243110889	0.983930957087179	0.894425496246492	0.909354987457516	0.914836767859226	0.949022737666684	0.967809963276018	0.976022157211811	0.983672662952653	0.964223337774734	0.982856668441367	0.986934375821458	0.961687606260784	0.962439942766067	0.972730254782151	0.951915866774232	0.915010347273616	0.995611319924349	0.931641645118996	0.970597922384542	0.998907487551579	0.999643732928037	0.966234197408754	0.958040664245909	0.996686706254985	0.992211840986996	0.899405630065854	0.984774466339397	0.998079198641432	0.995876456409689	0.9930918136085	0.989029285981576	0.989527065808225	0.999344481229365	0.999824249194697	0.994652229951267	0.978467042605999	0.996525165410741	0.998330378212242	0.971377142051364	0.999987847572529	0.998364139608442	0.981554008179513	0.997152383833276	0.999655425824931	0.994099373975049	0.95427794018013	0.993719256904228	0.987197709794342	0.996178743818452	0.999846019773925	0.987183847731827	0.963140056101422
0.887401537498225	0.779700466835322	0.948190342734008	0.844984866275169	0.907720522889519	0.983382400099985	0.900754930588332	0.84171821785751	0.942230172529598	0	0.892409144130438	0.988831387906713	0.996782115312277	0.885836916834245	0.894274566118667	0.99277755608102	0.970937025622239	0.858018035514219	0.892005726582279	0.817915189144049	0.926908238187261	0.910914033727034	0.924241767439543	0.99978474407676	0.957077910601543	0.996938716809613	0.979292629163216	0.926793130391292	0.978419510513571	0.984272521342662	0.996863930356495	0.900538038965344	0.957427533920069	0.991585198539588	0.976132730030392	0.974097653564112	0.999989708880102	0.987592424232036	0.90790584156286	0.995079274535036	0.972466937805542	0.984996865473035	0.896352556329702	0.983849726227142	0.932402357267204	0.98630894984077	0.982677164786511	0.95135989778723	0.984438891565897	0.954459060805213	0.947502991123417	0.992845558289988	0.986507694485054	0.993712116074227	0.961556536914708	0.889376946277539	0.884301447487001	0.735805112949042	0.958808098892433	0.783250298555896	0.856258374342673	0.991242921169141	0.891527184667164	0.898997967257954	0.844150912298686	0.486100063113495	0.875533921596339	0.933959005646313	0.969628807742772	0.900465796237378	0.928450518308826	0.955401206036202	0.967955876672785	0.87471197897353	0.97511556882169	0.859308408712582	0.865972945525584	0.999230006483032	0.896156430195667	0.909803470357797	0.999662608151163	0.994922612339782	0.867584323806802	0.880850273863416	0.989219569617021	0.999256148340871	0.852419396632268	0.998776068340344	0.976796049122046	0.999397359852675	0.980391979924731	0.991420867092673	0.944578531423432	0.953984072513373	0.998364980532919	0.957466528241166	0.919296677495865	0.999993096855121	0.999190332511441	0.918956365619915	0.982373382492809	0.999976212248228	0.9642215485351	0.999747270351799	0.999703534380508	0.851701293416676	0.818829737354388	0.961074860947247	0.916453882785158	0.995046725845303	0.999954280527048	0.967453399789265	0.742669960079351
0.816729327159195	0.842951291935415	0.831834927404633	0.886159237148714	0.949895567041744	0.972404108323012	0.926755084841692	0.938872938678079	0.925983024489541	0.892409144130438	0	0.977848109343384	0.879462978492299	0.891969893768669	0.810646765488485	0.90576014430626	0.869081960237293	0.929108371924493	0.941912696480384	0.930050656189215	0.959444499927167	0.87332483640099	0.990363611390044	0.995865351164354	0.994281862556748	0.992627531218584	0.98085936276592	0.894790406218711	0.99889865740377	0.993794712934465	0.843120321281695	0.980424623728796	0.983434634839434	0.991383714742014	0.9629150582881	0.998233422346014	0.998223359452318	0.996245376866141	0.984896552452721	0.992969166752711	0.996331671343716	0.999709627702136	0.936458981127798	0.987220025216351	0.970998242649973	0.995232289196781	0.992855781045401	0.971101498116182	0.986329798179134	0.979516203226076	0.99122607406371	0.996782936917171	0.998959931880823	0.998616965398841	0.973344215951662	0.964756395162162	0.828870814890006	0.82143683036848	0.815824474605342	0.835908205948467	0.883817288475004	0.925449495344054	0.89449793127969	0.897132060832456	0.975542972250989	0.810832463397239	0.651609066096116	0.902535277662655	0.890852165121203	0.901464404200744	0.875500124043596	0.945992705187398	0.782548161928271	0.976989873085886	0.876913459722533	0.948984736440372	0.861597626186549	0.990933728477775	0.931785713634694	0.933010574119316	0.999153877120381	0.999396297248201	0.905142295292897	0.968866456155818	0.981713105084821	0.997602475213988	0.91140879206158	0.997121012242413	0.976244810748877	0.950836181772077	0.996618673450543	0.985216629801382	0.999097559259732	0.996389731331769	0.998786523019583	0.991123475901361	0.996595348519566	0.999966029992509	0.998338305202102	0.932475781552448	0.999965940310586	0.991471739055565	0.97505579131539	0.994321550539371	0.959878902583031	0.962229572356342	0.847581961563998	0.972275403236767	0.995410169406834	0.992299175991698	0.999913150182225	0.992822018299346	0.902462368748714
0.996203979321104	0.98584856441228	0.999460729579647	0.967936064409278	0.999366265009899	0.999956675868867	0.999826475343483	0.996758685722967	0.998222934193034	0.988831387906713	0.977848109343384	0	0.874963467210181	0.946014849876752	0.989025273034198	0.955937266697869	0.99812558954499	0.99694129252535	0.954779673595649	0.977548951076769	0.990722182425386	0.996197135648296	0.976202040656136	0.964293803474761	0.977504948405655	0.906361767349863	0.980855250524304	0.999992565073492	0.995229534178562	0.826468020820407	0.936908023242984	0.871254903270665	0.982035514419546	0.872103801545662	0.998690749990348	0.988519719159093	0.962248554549868	0.997447313225855	0.942423784063349	0.929188913749002	0.999973833705373	0.826332664602851	0.999999959593899	0.913796406940551	0.94922776708214	0.946275312049049	0.999991927739073	0.987539089553818	0.999984437971124	0.99899375102812	0.999566740928634	0.949323933742673	0.777903579675975	0.815784405297016	0.972671475819781	0.953193282175451	0.991361422042042	0.996981022687413	0.999246471372785	0.987209496033324	0.999676442695958	0.973044380871936	0.998410459346437	0.999963904872933	0.99235802163772	0.995527648017353	0.991009001857438	0.970282717051248	0.941889954464661	0.971841007015196	0.985867073205241	0.975136546543039	0.958070464050847	0.98790710899937	0.9916992963423	0.982815720098738	0.973742026116525	0.938795182467124	0.984250258020375	0.986984461640964	0.966539963363554	0.94920827019562	0.999084566144612	0.999595545582446	0.987823760186246	0.957997546217527	0.999987055328268	0.967406151820113	0.843092043119635	0.860353200363605	0.832934163622263	0.923992187999244	0.995148138693677	0.954102293570928	0.953227396821369	0.996513464957946	0.997563231780224	0.998278860857879	0.936452000169737	0.995821646895284	0.989758457441781	0.954852758231411	0.970100197134623	0.934176502066568	0.999005026418517	0.998866399235706	0.98096113947929	0.997185824100043	0.96580708800188	0.896395162424835	0.799906856602024	0.9633805678541	0.970332095891143
0.87121773179513	0.893204903217432	0.933667343413124	0.981709454095784	0.937875630123114	0.999670781351975	0.999105505775012	0.995566825840755	0.992624773635935	0.996782115312277	0.879462978492299	0.874963467210181	0	0.898530543872399	0.902093176976402	0.730455851800329	0.951991681602705	0.925403680130182	0.953115019040139	0.972517107070361	0.961777154889217	0.953375548239029	0.987090272913009	0.996018710925157	0.993318917278731	0.999656991054086	0.992048898309081	0.973010769190681	0.982657673095865	0.989709816658337	0.765612757329511	0.999833468157583	0.961564464134803	0.904231020340724	0.956353018389786	0.999991803301214	0.996040791761542	0.977085990497404	0.998650719794305	0.997982555234201	0.9974180719566	0.970960715022559	0.978041958427125	0.959402240578513	0.940894075625598	0.948780666459174	0.964328462863008	0.999292640725547	0.916549327715464	0.937573798796189	0.963016019547596	0.993520044887233	0.996590571480388	0.999999171676166	0.991355536442803	0.979915128977467	0.841288350313088	0.903999625980653	0.882757147040738	0.962438766028146	0.878173754342769	0.975319623791087	0.99927759397404	0.997863677514283	0.996723000053378	0.961100543603683	0.964343022404833	0.822019875292262	0.5071750148378	0.900421956393504	0.88933279970408	0.889309625004958	0.795009516301396	0.947092187656091	0.91596719257842	0.955482443504017	0.937224437570426	0.98608450196578	0.908158156671632	0.982213867974961	0.999847566226881	0.995505356956357	0.906389469303337	0.96193284482667	0.999714508607009	0.974565986316937	0.981193615753889	0.987269128636598	0.988595049352941	0.880037955946934	0.995914551548445	0.98485521462162	0.988647741706984	0.998552966284269	0.996947601907026	0.968070041543493	0.9922270947836	0.986868429605865	0.998265808084628	0.966872208037266	0.945123997819457	0.966335571252461	0.961807968070738	0.974792399820781	0.968243001456306	0.999749040316629	0.993337816475257	0.945095861567054	0.997657665789081	0.995478726349667	0.99868961018792	0.999728475508937	0.985096318998443
0.853585434518936	0.902727254762695	0.948321318460303	0.954178744249074	0.955580855613056	0.992534072151398	0.998852593661139	0.989960670020933	0.987254251874696	0.885836916834245	0.891969893768669	0.946014849876752	0.898530543872399	0	0.855979923102779	0.909322400874816	0.934966473042634	0.750242799127844	0.896318797674382	0.919792661606629	0.959270011798592	0.96487602966936	0.855377356905706	0.999998708927677	0.974037517205282	0.98446171176013	0.994326920907908	0.985268070373774	0.895646308233105	0.990047706298749	0.963392409795915	0.991859519076478	0.998596416807235	0.987770099833491	0.989617446453073	0.959230200733144	0.998795558571103	0.990905507092492	0.972055235860279	0.998203958647034	0.975862502394545	0.995738934080674	0.922976258206975	0.971142073843406	0.929111246162492	0.967234984593417	0.989469071471372	0.999983394810071	0.951896338818346	0.908541538380209	0.949621623795825	0.998943688375576	0.999644623326436	0.997810984583027	0.999615999380004	0.984415878774182	0.82928289368583	0.83446549198648	0.953154719682923	0.922584666639984	0.896172586048507	0.996401849876292	0.996805033644495	0.989230523912176	0.982519878860873	0.886523227033121	0.876680490247945	0.911812445583716	0.837623291198245	0.800573230912554	0.839987149617533	0.879976488756165	0.870468032862043	0.893649123432921	0.988769045963675	0.917679109672249	0.894280974645834	0.983764626416481	0.953273006960792	0.952223173986289	0.998933051352671	0.993387488681395	0.806365131482583	0.889378969815769	0.996965740828918	0.998992245289101	0.932315996198976	0.971482492546075	0.890536441407333	0.93908428073535	0.999202658165002	0.999587044645445	0.987967961294152	0.968076857945767	0.999160374866493	0.941201921567824	0.964147792910611	0.990238082216435	0.999863573564264	0.90465467301102	0.996112046130092	0.994801505820224	0.959069066466989	0.996792157806882	0.974774794392063	0.956824067277817	0.923880851503946	0.888455947939846	0.997616788853953	0.999205898538236	0.985139431419234	0.997921587805643	0.902279934810058
0.847110749625105	0.84578854958201	0.919508093268197	0.935674641610692	0.895456545229482	0.947653781319602	0.90198918623142	0.913112019093514	0.968680832406565	0.894274566118667	0.810646765488485	0.989025273034198	0.902093176976402	0.855979923102779	0	0.906162393222096	0.840791150682661	0.889034989189608	0.929343217216063	0.975037686405648	0.862457062476877	0.928791038070668	0.967996720209816	0.999330464289908	0.999982406995758	0.986892919323418	0.997043019841866	0.998086565889477	0.928732968662165	0.995363254916105	0.961247236492902	0.973720641943658	0.982599446891966	0.99868702610574	0.968008310479337	0.869353581553368	0.999859087606673	0.997229662895354	0.956798993402985	0.999492792412409	0.976759202872648	0.990910351160973	0.915743069329235	0.993245737192368	0.966594412774516	0.997537272044502	0.998391655770773	0.991029133208442	0.98887039509415	0.973639783693585	0.968678505032207	0.935240486833491	0.998945298974546	0.999266116044811	0.996977852952195	0.962441646637162	0.864417896189194	0.829885220937779	0.96988885225199	0.930650184515821	0.864942986768492	0.876521553763329	0.891036786388681	0.932222948089715	0.94010601482892	0.897557603507259	0.878373338718672	0.886808010463507	0.842468509927155	0.870855508688563	0.466264327378022	0.885156324872818	0.887297749625085	0.870204939581395	0.975379622285922	0.97999242088449	0.962099342901625	0.996158901614993	0.935256179577403	0.983190341144347	0.992793076835876	0.99805646797192	0.928820838137955	0.997472894801658	0.998388432794968	0.999687353707423	0.992590145585916	0.901690034923991	0.98697341804904	0.983238754214785	0.994046495761884	0.975056325150494	0.987550167201628	0.999895616110555	0.996968664168284	0.974037472348621	0.999553476367143	0.983389466062863	0.977373209328055	0.953551126377739	0.999974157250508	0.99972682322016	0.991087708240725	0.999236292535939	0.964800702947572	0.99170127452963	0.955666205923088	0.966189720703626	0.988270596556398	0.998519597949736	0.998233366946481	0.996053410272025	0.908996609145638
0.973664881352867	0.973796437329628	0.990000251843012	0.99940450697981	0.992358325713295	0.99637867137283	0.996776821268386	0.99926697328948	0.98983329743914	0.99277755608102	0.90576014430626	0.955937266697869	0.730455851800329	0.909322400874816	0.906162393222096	0	0.818730654762138	0.90319717815321	0.901762397518555	0.980740992148955	0.949193890868584	0.896554013475111	0.982841929852937	0.988218991158058	0.99986643131171	0.993751518742657	0.995351191731505	0.996577359772891	0.978416010285636	0.998320962235332	0.821040051328048	0.993433976021899	0.957189791237588	0.924346521355355	0.99153125996893	0.972726707407309	0.998016432729613	0.999581317546961	0.993230785176663	0.999991167961739	0.999808666804079	0.986055748777634	0.947691591419257	0.971669123880159	0.984133191746826	0.980476401925031	0.979917464935532	0.978971634187383	0.942551490179884	0.956069182132622	0.986087384564941	0.953496841364217	0.998062543260143	0.998938122679785	0.993162016489611	0.971235185293112	0.9596475571265	0.968491068795211	0.96235795096862	0.980769009413684	0.95337807735408	0.951252455316265	0.998711045956851	0.981859292921381	0.983698745413176	0.967603646462597	0.978987603917068	0.949180093666918	0.799337214939642	0.974217505374284	0.876289537213824	0.730969520784854	0.799923266455525	0.915113335856377	0.923862421168928	0.95590633504085	0.963964500603881	0.977688262134713	0.931764651350874	0.999766764962377	0.989114999227522	0.998902857000432	0.934008014236663	0.984328325797563	0.999521247502138	0.975047748889081	0.996099546752906	0.956323349916539	0.998741268036821	0.95005562124213	0.989986267816827	0.999870770912798	0.998755265949598	0.977099843363902	0.991142057857568	0.982549345600068	0.997333283558067	0.991114688788204	0.999920714968236	0.953742389764266	0.995116536353779	0.976859821427264	0.995585860553653	0.988957381874003	0.93760454707644	0.985894383142995	0.999875940925197	0.9817003845842	0.992513661972722	0.999939612045118	0.999852073195538	0.985191665118486	0.952974761572294
0.9676570289489	0.978448802278783	0.991726079454721	0.999407631139539	0.997489515400221	0.983507727448647	0.946661443021041	0.967072861326766	0.957775462895847	0.970937025622239	0.869081960237293	0.99812558954499	0.951991681602705	0.934966473042634	0.840791150682661	0.818730654762138	0	0.92703738939204	0.880898263958931	0.994403341345543	0.943767338113342	0.938611165404855	0.984184296237983	0.992855701496688	0.998901227053224	0.9973114043948	0.99443751124286	0.973289528800132	0.970094836302843	0.985550358867548	0.872246721375824	0.994141612438701	0.972384572906176	0.97743975617545	0.998732375791184	0.949919924223558	0.987762569101767	0.995268880852799	0.978937836287521	0.998974717592092	0.999922865532427	0.979225346483342	0.955763622985182	0.972402541842363	0.960439372936003	0.966262964650559	0.922470569298665	0.991969511861669	0.951101716840875	0.932080816025194	0.988876147940425	0.966282099692069	0.968189279739864	0.964348110656184	0.992120749549869	0.98512745062308	0.981303481984038	0.975624722957092	0.99735365835292	0.988559805354417	0.987754167613909	0.931559500840015	0.949413632600984	0.944749535565314	0.967966383574925	0.979770275678651	0.944583585066755	0.999900349436814	0.966761593163102	0.98341595923828	0.761315316570175	0.941589948780214	0.893955526197187	0.924126851482382	0.897854673835197	0.979565000755768	0.959263149538325	0.995500215237628	0.957870074545935	0.999769900958034	0.994255651097489	0.928250001214244	0.952575886400933	0.982529979367295	0.99785383561171	0.998162403002664	0.982445833259382	0.967866534927225	0.997065913645468	0.961840136461811	0.996847757971584	0.998215021828415	0.998931367752823	0.970750588922731	0.999170820393885	0.992009470014257	0.977199141331235	0.988051839958624	0.989622900426172	0.98095583199834	0.998548016267939	0.969309726311639	0.971575712334044	0.96380432932998	0.785740150255583	0.997553504895103	0.980776617760828	0.94277725628931	0.980053978610866	0.946215972682519	0.967736805250082	0.994575046778052	0.942715468797393
0.904733068014183	0.817435162101177	0.969985991721717	0.951414965477879	0.935173503375226	0.985232050154373	0.996678509549545	0.943901788539713	0.958643449851108	0.858018035514219	0.929108371924493	0.99694129252535	0.925403680130182	0.750242799127844	0.889034989189608	0.90319717815321	0.92703738939204	0	0.605617574590263	0.827933302357328	0.82480638948644	0.775080088128068	0.664571677026074	0.998328771637515	0.968206654297224	0.986756883369198	0.998998364972315	0.989217940949833	0.944604746191977	0.923973216664984	0.97477851267714	0.868793421697698	0.990272490355222	0.98365241926763	0.981678449420915	0.966324989593771	0.998481522955699	0.942134987044497	0.84510344807904	0.995024796947063	0.970636004321457	0.959737495793452	0.785281932108286	0.755586119886765	0.708850799034193	0.787766418938095	0.982037409911141	0.99476194304176	0.822101376481833	0.791749911803239	0.885292632947938	0.995279808019088	0.934397849326467	0.936645360552518	0.983655065476933	0.912932062170138	0.846664524578111	0.802714932710667	0.958665100409227	0.938660494652765	0.837430653507163	0.999431023252596	0.99135586734626	0.950816338770271	0.918094818438793	0.868759625311151	0.966426655652399	0.859336927961437	0.858943528892703	0.821766378078864	0.915105574262089	0.919011136433042	0.953163087427912	0.537195280047807	0.952159470791006	0.697055342087562	0.747911317888382	0.982526420381454	0.828451022843964	0.898025579666922	0.999396595070223	0.996331237711469	0.715727251028539	0.857115074860817	0.993750379662824	0.970940304255918	0.958236390512421	0.993644608980784	0.999941626627257	0.992305281464064	0.922669051374883	0.955366203851035	0.974165169620914	0.987841652931676	0.961302645690339	0.810059943650135	0.973261117975125	0.964093945623045	0.994798422251683	0.848593043354427	0.916224815511055	0.882515222749426	0.813604965731248	0.896052568370596	0.967129833853952	0.989756091550283	0.964367304252007	0.778550955169437	0.999960282520748	0.98859276187408	0.954924994599202	0.991051632572232	0.794339136532391
0.926667210840443	0.794860795992364	0.949846419471566	0.917487041351581	0.946433475676938	0.99317800092863	0.994182158511986	0.962080208172753	0.957898245313544	0.892005726582279	0.941912696480384	0.954779673595649	0.953115019040139	0.896318797674382	0.929343217216063	0.901762397518555	0.880898263958931	0.605617574590263	0	0.786598838616579	0.866024327529346	0.782125178604447	0.824916810413022	0.942473738379864	0.904435015532486	0.987157273786624	0.999806760170367	0.97591021929449	0.96005953952201	0.878931423908359	0.970560657980577	0.817090245897574	0.999999119340357	0.999854007797728	0.950720969077405	0.931714441517133	0.968794901264674	0.907038510806748	0.751190984944163	0.916879515495476	0.951746336536411	0.857947795026034	0.920273057061417	0.641727293925359	0.576615103701615	0.660872363693204	0.949700472153753	0.99745584291833	0.767709921778639	0.78928577751873	0.882903539755863	0.994355185422059	0.793110196701514	0.767798513355292	0.992603273986088	0.868709023953628	0.859000577359751	0.827249350236802	0.935012592894525	0.917963790707428	0.82996573526783	0.995925097385397	0.988934903524665	0.923322838272967	0.919338723558792	0.879699863578261	0.9892582617796	0.929678844247771	0.870343822922664	0.944654354026657	0.897366522306576	0.961711011475691	0.944647146939332	0.645947103241953	0.820748618498244	0.591004183230008	0.617036093880501	0.99731504142062	0.811370654653392	0.974368187699812	0.992761055588326	0.95392687562751	0.784167071776882	0.80927166109334	0.999314448567406	0.899288388584791	0.968072854928916	0.997638242074213	0.94071264442402	0.992665752409789	0.806725228462218	0.949453817875074	0.96132077914767	0.946043678058836	0.873211101825987	0.756710739267289	0.990664569532049	0.925735798074794	0.918109368983599	0.975497039851228	0.910981505582809	0.745942558542731	0.702294494400407	0.769695650980294	0.920435786227557	0.999143681608839	0.969601409027025	0.828961790223055	0.987570404415394	0.884542473267421	0.865565699402291	0.993091259784348	0.8183328621528
