0	0.492496875959408	0.620339898280307	0.808460444743794	0.867243167485574	0.85807756627212	0.927900678322736	0.884621368918857	0.898886707538695	0.906711905993582	0.96101025646506	0.950798240372564	0.894459885905711	0.998336323779989	0.909581257568725	0.835586060016312	0.975507663431025	0.926972843291798	0.956947405975024	0.937859199538373	0.900583907309898	0.928915918877574	0.997239000362428	0.897457848194653	0.8949781053234	0.997054008179162	0.947965814526145	0.92085738355675	0.88009577943378	0.983319486421621	0.934611910284096	0.975522297818156	0.926970429300567	0.951101251567438	0.996407492812839	0.966250382023342	0.973157324735392	0.991824431219258	0.907322964084059	0.916571601693855	0.948853860681775	0.868130804039696	0.962273937005107	0.976371528655609	0.836476522153299	0.900444238866993	0.841898676688879	0.95112025509415	0.956351783960446	0.906941974674806	0.950395786373148	0.907753864320401	0.968158479098887	0.82772643842787	0.849994467402549	0.960190665752402	0.379089698235246	0.570165221834581	0.713677985838109	0.808742812110717	0.911646641025329	0.905687755780504	0.910583236230279	0.880178472776817	0.950527922567521	0.900997470588403	0.987786138667955	0.903519635468177	0.887744361593405	0.997762066358456	0.908284678681678	0.878386261846342	0.945618102726176	0.906336197728784	0.923941539691576	0.936132402774037	0.929618772637414	0.862403188217164	0.9030694504154	0.974474453705391	0.890745059636862	0.894281065306957	0.92496902117974	0.865487254072809	0.953013755389897	0.999991690848251	0.9547455831045	0.944978415389416	0.966900672487568	0.917329680216832	0.945778313169906	0.87242766152167	0.99997467858362	0.90108897505334	0.909794443520225	0.877208645394839	0.887482327421653	0.926976574791877	0.912828260038001	0.965751476888897	0.93354358751979	0.897582996345085	0.903881499723315	0.878691944264403	0.864170621864054	0.885684226418939	0.963490542952317	0.880369657516895	0.859266553490112	0.942315682143985	0.797878835936459	0.853702933400103	0.940534365513763
0.492496875959408	0	0.709363150731192	0.831377773492176	0.888209215329332	0.956684253198658	0.969656758432753	0.964845929240156	0.973097305825187	0.978594682615714	0.848973716728577	0.887207540627928	0.919117657534271	0.999628677293266	0.952907110320532	0.928751574259723	0.998614963206893	0.979858928314141	0.995274412860483	0.992259253926569	0.967805644059119	0.987590075330202	0.999058496069232	0.975394839741769	0.977032637225464	0.999871171067299	0.989487525316923	0.967213979045011	0.926062858019236	0.947613997897374	0.966966819636225	0.990239051044566	0.968038814849546	0.990461495872084	0.998325525492275	0.968797936920832	0.99708341075985	0.992189115505929	0.970787777112964	0.977851041822876	0.987662032478008	0.930587826907866	0.994865466086837	0.978229079431305	0.923396123833396	0.944158437113738	0.907765984783293	0.958558201397926	0.983764223924131	0.959997339561498	0.993441240372314	0.967920843338063	0.978911525239158	0.878845626115141	0.894855471623038	0.958250035840821	0.576191102270488	0.261903686197969	0.772549472006801	0.853991494346283	0.91351118752077	0.957592075228365	0.958973940510642	0.955240539838636	0.99136412667354	0.974249351864128	0.911887874912559	0.857638114964175	0.907571804869917	0.950253296371857	0.943851799024168	0.94186659740617	0.976362141904621	0.968752641054044	0.950800652012106	0.992844695568019	0.984789531971132	0.944784812635669	0.971466376620968	0.994580662582125	0.9633198833629	0.971009086878849	0.957161051376389	0.969283167079561	0.993435220143143	0.987847080133623	0.920847626485128	0.951191570103068	0.961812723976182	0.959347620937615	0.975372496843633	0.912140751065988	0.999135183788142	0.903600548767479	0.969306599016095	0.956926884187134	0.967821404858279	0.991236564997392	0.965817771198231	0.997430384869896	0.949246184072486	0.93553906430069	0.966876568010216	0.947718385133853	0.936053989518957	0.943820832324881	0.973772354189422	0.936129311286147	0.93727479070749	0.910592805925407	0.854425231110952	0.873561403135234	0.942324489898579
0.620339898280307	0.709363150731192	0	0.446841142794751	0.530617772131975	0.775342170096295	0.87666604752197	0.800310528729418	0.813719265786343	0.842255934785772	0.976631309647736	0.861346291166783	0.882635955735198	0.997183138791326	0.853845635903218	0.826374267577149	0.979563019445533	0.886608104274833	0.940482442532412	0.900206825893615	0.819620386267842	0.898829194353317	0.997752690435569	0.874919484568931	0.893575720562453	0.997844207752441	0.914511725090483	0.921456367428438	0.857727196455607	0.994423155583273	0.96257033661004	0.961407817250732	0.940495734467545	0.950850468717024	0.974357074769247	0.992348227280199	0.989929050949368	0.945950804595292	0.926991215172673	0.924531493005843	0.966612270189925	0.754601158066343	0.939303383741447	0.95776838324823	0.848110466992121	0.842926876856904	0.798611402020668	0.897173332437181	0.897178913264095	0.867774916949263	0.95917363520425	0.870720306728048	0.951780557657272	0.589282012538735	0.859104649970206	0.901353798144572	0.728710612585913	0.733588558106808	0.324628039070819	0.471155940696448	0.621309587417146	0.840652923796868	0.856599487255918	0.815990832625712	0.899940667024865	0.844831797706413	0.976157760301928	0.780016728757321	0.85872522265494	0.980911061393535	0.863239496962055	0.850368458721328	0.928473608973155	0.849029876947746	0.915903122216809	0.930692628547949	0.89954539057134	0.798443785925969	0.877410989209881	0.982676644215532	0.846720349582851	0.8709449761996	0.954417632227564	0.865843619629753	0.934273245543924	0.999952450423827	0.96790069123532	0.954430672103723	0.980584197456048	0.946449127994686	0.937639842191907	0.901128810668204	0.996918281841473	0.909267972917921	0.942788881609729	0.869886220082207	0.900744183306259	0.936199014244202	0.880855220181916	0.957667915639651	0.855726072787456	0.828984674850281	0.919169063422902	0.828661958258	0.796732021096221	0.876678982227748	0.952403399693795	0.82963887923488	0.803719799454882	0.894896920436668	0.682563111439364	0.859443584149273	0.874226098913772
0.808460444743794	0.831377773492176	0.446841142794751	0	0.440520949136965	0.736028586547523	0.86186305912479	0.796657061024464	0.798224814616684	0.848305746137627	0.994021609500593	0.813265270044965	0.834083053346852	0.992359435072885	0.846858427677052	0.811557458080939	0.972366009914629	0.845546510245545	0.939093493923246	0.882055810252347	0.756774352655059	0.862029464407052	0.988520143113876	0.852311319725077	0.896335156514438	0.990022441370726	0.902083552084135	0.941231291993289	0.913097670211363	0.993396290019633	0.981833316574275	0.973932830664123	0.972259567368158	0.959746337547916	0.967412570171838	0.999793893832284	0.996738336822407	0.933097381823243	0.948255791319507	0.954905683876619	0.986890642509767	0.708618955071105	0.938930570647091	0.979879868588291	0.883104435093348	0.881820960107585	0.833555495256348	0.929065051479044	0.90736767989647	0.905202169994667	0.983319077606233	0.906528386696801	0.911652796948931	0.451444521275809	0.845628803561658	0.940270668992255	0.877217766753783	0.831981638833994	0.514347373639377	0.344284116224674	0.515665321095472	0.790248527711619	0.84625059984754	0.816919807926108	0.87371309906848	0.863950558230774	0.991584866453844	0.694139554978607	0.799738618744563	0.989601763237468	0.826117224435788	0.788535390776259	0.920754806536843	0.820420136761784	0.968389852326411	0.923500465537661	0.890996217507402	0.788770737531666	0.844008770171111	0.97128693812816	0.86503987341828	0.860322738059997	0.989170707752719	0.890379494350539	0.923128992307655	0.999121922428804	0.973561683606617	0.975691375177607	0.978776775041481	0.962291029983076	0.891814313241305	0.936039933515461	0.990934234993364	0.948238449215317	0.971322463049574	0.916395615914075	0.924483094093626	0.950228809085052	0.846555021552187	0.967399811090239	0.879233425040386	0.87258723825471	0.936145866034915	0.850245408018121	0.789677142731024	0.913503857178192	0.969932463842479	0.880728757427275	0.851911608883179	0.843671343901032	0.677445642379721	0.808493498776131	0.917931428564086
0.867243167485574	0.888209215329332	0.530617772131975	0.440520949136965	0	0.773322595670755	0.877111927866581	0.812735352424103	0.81908848896644	0.838918906927036	0.991573593527992	0.807180317016886	0.891205037888356	0.970806318540441	0.788075331064456	0.879042444211797	0.983431718454315	0.876610093318363	0.950940513659838	0.915139796272674	0.807676163396286	0.918088346032142	0.997408494356842	0.906596954891571	0.94671497864442	0.999732356247265	0.945896414599016	0.964299833421869	0.925611653751762	0.997920872053481	0.994762112033464	0.977020998806735	0.987749605420017	0.983099426538405	0.950821072382146	0.991948436330193	0.999321099869049	0.91425731406533	0.978660398741143	0.976466354387352	0.996400209335056	0.70171801525984	0.94968755564658	0.945050630904212	0.902604749083548	0.822848601202256	0.842395999247129	0.879445472794704	0.875823480487222	0.900562644824685	0.991793476323691	0.914151052904814	0.930791387781242	0.451385334658215	0.893102048991928	0.883430236937491	0.913057921305472	0.871976797892507	0.536944452282772	0.385085844673719	0.277979659979325	0.790888609410591	0.8629900030654	0.82933442948754	0.911450215604261	0.855350689249921	0.971360857992963	0.729028187450839	0.850096153159176	0.961609236778503	0.812623567647029	0.855139821440623	0.923473707864681	0.837618193519624	0.961697815723928	0.949813645317023	0.916826577684931	0.809693379397331	0.898340474666633	0.98937825919948	0.888491480243117	0.911482263699651	0.99437394184168	0.92658101583867	0.959669517696297	0.999992789438724	0.979359688968612	0.986310378242907	0.991852633875582	0.985759826743621	0.932239450004878	0.963687816868888	0.991745000745284	0.968563786417446	0.990447857696144	0.932672337870289	0.955838681306625	0.968308925736947	0.879097548899632	0.972914675499342	0.811717310922744	0.837364171341388	0.960972207233528	0.814806607639005	0.82139675143654	0.92423954988522	0.961132961551621	0.857781304032024	0.849721056890366	0.826191784870535	0.673719291774472	0.879455595455764	0.861310297825357
0.85807756627212	0.956684253198658	0.775342170096295	0.736028586547523	0.773322595670755	0	0.827511406025286	0.479810278640528	0.463320164691302	0.540188259335907	0.965016091361863	0.989036486190586	0.898336394457056	0.986750396205452	0.757649002909966	0.723605034224788	0.854184487364183	0.648909800334377	0.633592055334413	0.582687015943108	0.531625346109899	0.607346963489051	0.928503869180632	0.693008015104453	0.74832544080653	0.961182225766051	0.763525459223201	0.854873887539862	0.86306521186988	0.999019367304828	0.973260859447915	0.9205906972449	0.946498848187885	0.855615252967561	0.865975643439719	0.982813986744958	0.950674550334418	0.938709278805491	0.863848025346737	0.872597051478835	0.932820950253909	0.737286351522491	0.848285462493837	0.978966210925842	0.763401449525896	0.840543369439942	0.763255511531344	0.924522410246081	0.85335477234195	0.868882153243948	0.904608424544628	0.845891524211981	0.896387620168956	0.718895081348255	0.840091792521363	0.955125040028465	0.898140913948852	0.969459285961976	0.762819383812048	0.689554165371407	0.826891479506198	0.422825323146656	0.804234216707753	0.540721613203845	0.644726508703653	0.576332016673809	0.971918377371212	0.946784942914121	0.896959552165723	0.976893113621237	0.792909529905362	0.683115933653055	0.868732146681798	0.643569208634407	0.964069256547958	0.774671839596572	0.595636316312858	0.46787632232195	0.567125686643452	0.928868282568149	0.791242632122168	0.772378502335629	0.963652248301671	0.751138991576469	0.824574992911896	0.984808128604475	0.973493186254156	0.94821780337781	0.997625423104615	0.96265731987635	0.797589775710466	0.949966799129251	0.999864116595941	0.968173219161001	0.91382478856344	0.802572221957741	0.82027358918171	0.844425556831245	0.82414343938101	0.900921202383113	0.807383873583869	0.82502859158566	0.843967684255828	0.742504548361652	0.699036344872773	0.838907586220199	0.958782947380521	0.868807699785182	0.745704372489075	0.931666188049813	0.771120537455595	0.820736067050921	0.936112755493693
0.927900678322736	0.969656758432753	0.87666604752197	0.86186305912479	0.877111927866581	0.827511406025286	0	0.720304548267602	0.8472890086606	0.840839117058395	0.998598206464277	0.965262311506648	0.93835926929368	0.997340399743731	0.939874441704014	0.87274166727833	0.917654265591696	0.866316894560113	0.908641320966156	0.792871713523549	0.827115835419824	0.809062552028867	0.980606409955729	0.776492568000782	0.887914404265361	0.993751862096094	0.822580900064741	0.867941531533096	0.887590744056489	0.998422284295488	0.974081503367872	0.951437560162771	0.948694053275657	0.954259179097272	0.959967289621459	0.995702788363539	0.989191638100582	0.95903163946291	0.917379891072257	0.875632675504945	0.894518002927092	0.884440358594789	0.885771931989059	0.987604629012092	0.883501322108566	0.922421320378592	0.810541827943619	0.867064379135623	0.881587297269404	0.71211718518751	0.864282975245342	0.754430013939955	0.968222229826648	0.845606923079452	0.836887520794214	0.905304397096689	0.960372876859372	0.97955046889533	0.872588176692347	0.83982054201485	0.882309538477628	0.816895703280429	0.144045185281813	0.665385628535521	0.917153183680088	0.868938929765294	0.999645082690472	0.906803180518992	0.933099585017149	0.999987587209179	0.924834838947121	0.899897655929403	0.951170531107432	0.910908577035404	0.879723271621366	0.856021326916735	0.769282645996046	0.832759069948207	0.751521548128036	0.967725689534403	0.739310260272904	0.810628125007693	0.977291328645973	0.875238060351243	0.814990377943959	0.979750181326233	0.935283990830014	0.96527135194244	0.944290249736128	0.986068641291767	0.933988017375163	0.97147100287164	0.991501889851815	0.892264289826397	0.95601121032537	0.872742026572541	0.905339286501474	0.852909409763185	0.914032515438595	0.948348309260114	0.899053269938054	0.888231894551053	0.939329059407461	0.915609777036674	0.826326471680692	0.908054269180676	0.943378220607474	0.759128287575275	0.781079808195926	0.966936103518277	0.883086820190156	0.889901875045463	0.882745346166396
0.884621368918857	0.964845929240156	0.800310528729418	0.796657061024464	0.812735352424103	0.479810278640528	0.720304548267602	0	0.41409590931783	0.396501487199616	0.983717129508664	0.988591014442068	0.940397080800861	0.992314278923198	0.837632314809899	0.732430038588466	0.824888436008382	0.661054040715369	0.54631408558303	0.436276080329912	0.552799095376055	0.569791189123707	0.942659471455091	0.673578405339466	0.707990874275651	0.95728702807637	0.663396273728829	0.763346339124933	0.752937357781678	0.997995410543429	0.945183369671073	0.902262128370407	0.875504488222818	0.82065802541875	0.905405976986745	0.997362567617884	0.963175725903677	0.921825094605388	0.839857478551514	0.852398048281741	0.863644145647836	0.786268390055326	0.800744845747264	0.951098958510534	0.736135661213059	0.80003616830572	0.656667320869053	0.869021272617242	0.82158894711468	0.752490822558739	0.827514748514251	0.708484851139647	0.938907672577796	0.780469224327286	0.795659018406859	0.894390282842497	0.925423973492221	0.979591865841601	0.796868933899019	0.746997779840279	0.85637867421909	0.530848067069951	0.704970757310805	0.283865194440036	0.577967036193025	0.479106477126663	0.985398438561907	0.948758432981483	0.929154220440108	0.985465333354512	0.871796464011602	0.765955458317141	0.899513471380833	0.678997040879581	0.922497064634076	0.756285218087113	0.46482070222768	0.492111663216891	0.54923721782506	0.934319859377405	0.787730446046942	0.764802742636642	0.92345383715337	0.702242392065932	0.721490942529253	0.981251884481613	0.936971868671205	0.860778148173206	0.988955943947283	0.956825973970548	0.890778862449513	0.901174355363814	0.982367172705635	0.938664613434498	0.89426989604015	0.787634547521152	0.802079634461443	0.781071753604881	0.873279335360183	0.865942328396143	0.808249370269028	0.795235678159008	0.836015822106442	0.758017388157338	0.628681012210973	0.819368406216157	0.94665344826296	0.770335843317664	0.602273926719098	0.949168326872435	0.767409504969632	0.854465413071031	0.886940043303864
0.898886707538695	0.973097305825187	0.813719265786343	0.798224814616684	0.81908848896644	0.463320164691302	0.8472890086606	0.41409590931783	0	0.447537077442262	0.970628474331254	0.995794406491863	0.957393422383822	0.990960691269451	0.838267398899021	0.769006403898267	0.881113801898289	0.733228997368915	0.638181710816051	0.527872594623216	0.644736630482136	0.658839660942072	0.958497709051102	0.756163141969892	0.724122172945372	0.964597925592068	0.714575486888678	0.819714166064894	0.799671025711113	0.99544860032519	0.940935939123532	0.897563934029485	0.883796206234476	0.834445910040449	0.91068988637704	0.995281740161719	0.945993575523889	0.919687051702287	0.84386990642009	0.861348598634242	0.854410735776917	0.775354635416743	0.795783471435893	0.952902259580442	0.747065976085527	0.811194360367059	0.726599864854939	0.890804359279288	0.829480164657095	0.827300106616336	0.842296316762337	0.772926520634014	0.956137983545955	0.805882034524248	0.85148081342074	0.93028890330965	0.921341629279712	0.982265289150301	0.820925922019337	0.751596216839141	0.868972433584703	0.558509785470294	0.831201368781214	0.484827521028247	0.577471551813364	0.49870046668263	0.979652448217593	0.964828389433663	0.947332193258061	0.981840909580739	0.873234669657668	0.779776099321738	0.891019556939214	0.713294390958202	0.954099656917701	0.825245547251242	0.576996709363421	0.568832421549627	0.65568877861338	0.967573070577143	0.822704989510034	0.809034697076847	0.916186074823199	0.700772054169242	0.771621908944337	0.972333548875112	0.962176406671705	0.889405164362129	0.998404807247298	0.959323480601026	0.895165119740263	0.912583962683027	0.985847915737645	0.945578005417314	0.88486357942125	0.78039511713243	0.794328392691775	0.793937478553948	0.874028343268478	0.863334691636926	0.818154884050528	0.80098994724272	0.826195281514394	0.77166924241689	0.680117054687714	0.801708229673611	0.963206667224842	0.837042380436826	0.689152369217296	0.965998334872681	0.806856135677622	0.883166832621157	0.912328326201963
0.906711905993582	0.978594682615714	0.842255934785772	0.848305746137627	0.838918906927036	0.540188259335907	0.840839117058395	0.396501487199616	0.447537077442262	0	0.974626750709183	0.99410451193818	0.976654824736549	0.991819103221501	0.838810914945128	0.815663035969175	0.86287950647591	0.740791260451142	0.614234329474623	0.533148438489068	0.661965213238812	0.677193141546771	0.960559159511356	0.77125394060137	0.751019306919757	0.958504347732249	0.741573569716053	0.829577672127482	0.77441448601103	0.990616048022259	0.967348388364445	0.933043003922416	0.904878196381033	0.852637884407886	0.90846871108408	0.992793206796192	0.972680972448455	0.921816493578888	0.89221474735878	0.88821233943614	0.885320132753407	0.804169977420367	0.798471439676987	0.940355111838243	0.777101842005429	0.772899238928998	0.711937977067696	0.870287655722697	0.839232931046784	0.794009865838048	0.852748326461489	0.749670599343854	0.965500413299015	0.803548572347649	0.834455297957954	0.88440830148774	0.932579168682383	0.988201460769545	0.836198703456591	0.788064787745829	0.884819084818655	0.548562438057581	0.823326061934442	0.488934266916278	0.609415554331251	0.254167747530765	0.987779995102198	0.97593650288055	0.965121890990908	0.989002404919421	0.880649050766922	0.810106682503877	0.895832272007405	0.73976634607358	0.921582386646581	0.805683374636558	0.507076685750641	0.594276195430342	0.627317867665604	0.97182370012883	0.820676031386806	0.842183041606335	0.928298804428728	0.746039849883678	0.799789200366288	0.973836460277435	0.957337057841728	0.871381465764608	0.999930954520517	0.981070207615335	0.928244701169182	0.92797895892935	0.989191708648797	0.945697005903148	0.925206128054266	0.814582415723628	0.848147111067125	0.833737262044241	0.903372812042916	0.862231776435808	0.772362119824685	0.787258726535704	0.873006327281593	0.75569396928476	0.694088467311692	0.821381076720669	0.943937568865879	0.799331470220718	0.62533477808167	0.965130068311632	0.778633330817374	0.883699241293678	0.859738222909761
0.96101025646506	0.848973716728577	0.976631309647736	0.994021609500593	0.991573593527992	0.965016091361863	0.998598206464277	0.983717129508664	0.970628474331254	0.974626750709183	0	0.806345300369598	0.966952478642649	0.929235527253233	0.989242586774474	0.997660151880304	0.998214325896631	0.99880773808824	0.988353395883255	0.976509965237146	0.988057983214773	0.988646736994038	0.999850552588331	0.996692574019217	0.989086544215921	0.996278256543129	0.983014076901307	0.998392478881256	0.994322643983312	0.848886303863133	0.989332513806749	0.998478591832918	0.991875344590729	0.999632806479352	0.970796641888987	0.983700267283254	0.985345900362694	0.998124902193691	0.996215451373012	0.995636534770273	0.994635871545138	0.99992607190742	0.982024025309095	0.999752725065719	0.999997106196805	0.999942683496625	0.999964406375459	0.989963388322429	0.995935959739007	0.999948994162565	0.98611900021893	0.999544655344276	0.992906644664006	0.99940563019861	0.993186623692348	0.910736485228227	0.969846807731765	0.837566558809899	0.981104011915696	0.99816810176065	0.98673118884594	0.982463447762231	0.998276577890519	0.987233823303148	0.971253125027342	0.978704911881308	0.594640532717958	0.870142444256646	0.969329877683308	0.790113561646454	0.995221157295791	0.999703153823535	0.99433923374614	0.999493993642203	0.936442049443384	0.998409415029641	0.985213942094747	0.986702004555662	0.988842821055206	0.983032715710995	0.99797714880481	0.998429537651786	0.999942817576712	0.994561702666646	0.983252717048149	0.999117517267022	0.953987907805715	0.999953955036783	0.952845917495714	0.985037442510488	0.999981714120875	0.973065019456109	0.995213364472167	0.992995097698933	0.997624509197693	0.992723328214941	0.995950781619676	0.977393625479745	0.999089004751738	0.982214782081163	0.998679123143837	0.999951689466946	0.99952632033865	0.999459852620896	0.998976343596658	0.994343242145483	0.994900014777531	0.998249253682939	0.999869803372112	0.962108299114068	0.997864393314097	0.994588460701412	0.941124765619859
0.950798240372564	0.887207540627928	0.861346291166783	0.813265270044965	0.807180317016886	0.989036486190586	0.965262311506648	0.988591014442068	0.995794406491863	0.99410451193818	0.806345300369598	0	0.937387473020889	0.980060918686631	0.972424557428312	0.957551578645724	0.992386744480357	0.919446097363954	0.998355582726842	0.99563523604923	0.946280524272606	0.984562581949267	0.97316631803849	0.978604399620133	0.996917649036124	0.979466678617387	0.996966388095257	0.994066259418976	0.993637243304547	0.86505065954848	0.999391236542248	0.997317049801944	0.996626075384121	0.997958149354299	0.998029046097104	0.999574760686218	0.973629811506626	0.953097170125889	0.998422088914164	0.995244074017812	0.995932959139528	0.928590795741878	0.999842177057932	0.999999687039082	0.997142747829085	0.989130521154446	0.990966616757849	0.979923331154156	0.999911373608242	0.994310234508261	0.982903897759946	0.997380394228859	0.899976730508549	0.82519310047976	0.902199125974089	0.888567751979886	0.963788530906999	0.84638626205226	0.866109926718475	0.857465680323304	0.775139577018671	0.975254528655651	0.965892583743522	0.988531740664216	0.998015470616291	0.99865235692695	0.884718788011961	0.569071276553121	0.945470568389523	0.859532360794159	0.973121504183835	0.975145967245263	0.998017323192742	0.963448058536043	0.930890336825254	0.993707815664383	0.992271139547809	0.979598633748848	0.983840172401094	0.931089481826976	0.985755841384357	0.985267276653989	0.994932473844871	0.996736338694419	0.998694685089443	0.992546790395698	0.931948563071618	0.999722159849893	0.954598135975282	0.994805545442263	0.94107252668278	0.974214725523561	0.971697634117986	0.994894539091395	0.995020319797554	0.996708929417314	0.999438332939424	0.994124688406363	0.969891193837162	0.998371292341549	0.982605349122767	0.993171685711219	0.997817858755169	0.983532722290627	0.980857730617589	0.998091793133798	0.983503968381806	0.989450834388994	0.991988280602255	0.762876254349478	0.886821273113404	0.86442994165678	0.899702695161446
0.894459885905711	0.919117657534271	0.882635955735198	0.834083053346852	0.891205037888356	0.898336394457056	0.93835926929368	0.940397080800861	0.957393422383822	0.976654824736549	0.966952478642649	0.937387473020889	0	0.957026719456466	0.868494770562572	0.748776194389157	0.917693763095425	0.832205228557683	0.958227626235203	0.934804942368801	0.86270467910535	0.868922884913874	0.908882046426881	0.788087881671005	0.906738538955451	0.963120174662526	0.923371113652291	0.970305967295945	0.995316543929322	0.906910777628133	0.917303225822485	0.984961993008148	0.977658254025007	0.936717612724795	0.978315236418698	0.997902298821693	0.979010191019584	0.99956709399022	0.92256782697789	0.951782116245793	0.996593327445758	0.858367522942341	0.977046772931939	0.965355003239687	0.949258150076827	0.999395203567217	0.975539514854453	0.999992094214726	0.996155058650302	0.996106170170755	0.999559125070877	0.988384698278881	0.887669992042249	0.87842774400521	0.962650564699423	0.998458557117474	0.943749023684942	0.936440363073084	0.877551286710614	0.865286514610017	0.90113788714559	0.92653534204183	0.939922948810585	0.951282119311719	0.96855671282276	0.977162624395211	0.996910764620699	0.783627594403035	0.325630944662121	0.994662499847852	0.707186217313404	0.660148819671106	0.894485072956741	0.826978181141262	0.988477336744571	0.825543269935821	0.949634325572018	0.917272463528302	0.874279402186111	0.80253775643041	0.903825864293766	0.77842302556882	0.996900882139142	0.924697453868683	0.94056364405925	0.99975034068482	0.998574004603551	0.99923508762416	0.852690442333615	0.815208556222554	0.789904703224441	0.965332992972042	0.995518423040251	0.997997592608593	0.957243654442131	0.960842084488536	0.920087249927297	0.969319438744137	0.776352732258629	0.9807692561508	0.99395499522359	0.989404449051566	0.940002988179753	0.957315992204482	0.936845855718643	0.98047999467796	0.998095419055779	0.982726680855728	0.976811222434707	0.952950720011767	0.959833792060137	0.917051110473533	0.995283937411486
0.998336323779989	0.999628677293266	0.997183138791326	0.992359435072885	0.970806318540441	0.986750396205452	0.997340399743731	0.992314278923198	0.990960691269451	0.991819103221501	0.929235527253233	0.980060918686631	0.957026719456466	0	0.779266508683769	0.996018224907327	0.882382644617669	0.92422668897336	0.983479101008449	0.987219426609721	0.996355928023973	0.987993110263785	0.992557369567609	0.995125081602311	0.997439939456604	0.995763784725994	0.997909043725105	0.99830321469115	0.9998711073526	0.985762902297062	0.998410708001712	0.999284840014772	0.992323594469677	0.999864416001648	0.983441441539775	0.947775612368553	0.982776383144948	0.994773933886239	0.993074445711989	0.991944636138314	0.992353239194397	0.997410124630371	0.994725186583377	0.999478923014466	0.999908311522648	0.999007617743886	0.997675929416651	0.984921250796699	0.998934225210761	0.999982812161387	0.990040362726857	0.999913947866126	0.994278599894439	0.986864371381272	0.997910043463816	0.92574004871313	0.996579628297578	0.999996726692868	0.992857721584963	0.98571584010437	0.963186427516359	0.985710312449304	0.997244858011176	0.99394079166505	0.991295981420403	0.988053203057428	0.856334890383341	0.965030036092499	0.93513625413275	0.91640729908292	0.84310583154511	0.957942489786157	0.839765530464384	0.871036305644811	0.986273435702943	0.965249792795221	0.988571203081428	0.992595071530848	0.989729340840412	0.987958861608832	0.989669322269213	0.997391681522407	0.977240666493193	0.999971087914572	0.999350248650847	0.980030716474326	0.997512592214937	0.986199571863451	0.9997324840998	0.999621927530841	0.984912778708199	0.98231888244105	0.967192658801164	0.997826082190866	0.981432991378128	0.99999964689025	0.99944501980283	0.997195747301018	0.997190211452094	0.990180662614625	0.964321183153736	0.996188683407072	0.999747966572424	0.99857009847418	0.999963376197075	0.997542101680644	0.999148318669152	0.999245937675756	0.99875244708321	0.995462215551365	0.999539868839207	0.999978833135845	0.942249234829327
0.909581257568725	0.952907110320532	0.853845635903218	0.846858427677052	0.788075331064456	0.757649002909966	0.939874441704014	0.837632314809899	0.838267398899021	0.838810914945128	0.989242586774474	0.972424557428312	0.868494770562572	0.779266508683769	0	0.884414424073552	0.863127392320134	0.80808520944113	0.850268306360871	0.863155693888584	0.892620550165705	0.882997058945902	0.986553550190528	0.902622754686643	0.945000533997116	0.992175044476885	0.97003516369228	0.943501708436437	0.958381256078698	0.994835906640791	0.986557662980765	0.951075726429883	0.990630444823609	0.963176771522751	0.904647488303509	0.973256284699969	0.99608397471382	0.954113468302173	0.974171910798385	0.971598963998825	0.999995065666309	0.857960014542136	0.987314859998298	0.984074285508756	0.894977569417396	0.909985496824977	0.929481711624297	0.919003775597761	0.912682589265012	0.956170248812734	0.993118776022912	0.949122041604283	0.949623206297657	0.792415830387512	0.96123876626508	0.91142481220835	0.93456821493649	0.950923936126833	0.856163387910084	0.811012906724968	0.829819388330368	0.828819414012266	0.930245101284833	0.854514483798148	0.911180008112663	0.821558614994459	0.967416762942009	0.931515998003961	0.831935096266931	0.985402245094639	0.573317714094105	0.785910167526826	0.737857702369929	0.693984779572005	0.963577735595951	0.853051100369471	0.895511949914275	0.865825791409783	0.861544596338683	0.970532285311167	0.914441236757002	0.909970111877861	0.997430706912221	0.91553934907382	0.973809839121686	0.986941001414913	0.997781195362264	0.9947639241502	0.999993824605831	0.970215093810294	0.878811652212694	0.98779754175526	0.99077429910087	0.994271205658417	0.986587116453469	0.910699556067177	0.931323016379471	0.960652047052824	0.913162117922366	0.994504962710185	0.832448910477647	0.885990495498193	0.938725362663705	0.858284475221711	0.895828758503145	0.924306979478989	0.97883400685254	0.93027544174299	0.900287392654889	0.937369241121803	0.86245560395005	0.942544605607192	0.8978355012418
0.835586060016312	0.928751574259723	0.826374267577149	0.811557458080939	0.879042444211797	0.723605034224788	0.87274166727833	0.732430038588466	0.769006403898267	0.815663035969175	0.997660151880304	0.957551578645724	0.748776194389157	0.996018224907327	0.884414424073552	0	0.836866183901846	0.706857809001631	0.775929379417644	0.755166977082106	0.705718853163217	0.622580039618576	0.919380015927233	0.603175418015329	0.662949229265311	0.960418373282045	0.635326945809903	0.830942746624605	0.896862114879494	0.99121321916687	0.803864410710208	0.922533549242187	0.75668919498215	0.791811085448749	0.927140056045728	0.998203111200705	0.950106498411109	0.975656929946412	0.781801841732952	0.855526659027365	0.907210331417088	0.79878746688697	0.862768757489131	0.999940215900932	0.818374224804351	0.942135887352259	0.830437732611206	0.964488500210811	0.950383102945269	0.907884528322209	0.921599928682048	0.867111823117413	0.928235301261833	0.852893129247127	0.851261567482147	0.973749627294928	0.896074626583583	0.953675265277688	0.85350612131759	0.807750218313217	0.907373182343104	0.755299311527865	0.875838393838121	0.789305530126095	0.802282404620094	0.845991215246854	0.984575494600541	0.863201913202345	0.768896278265031	0.961295041945576	0.83389447311746	0.508372195375591	0.881305701849228	0.747230776623955	0.925297808335444	0.746060204168092	0.791342856021871	0.713293724049958	0.650159658651722	0.791655576164949	0.759007008573104	0.608206760657764	0.951958343134077	0.69372599140702	0.702087754587612	0.985021671908504	0.973178683374124	0.923582655738395	0.926544787837618	0.701544019223885	0.789705824529777	0.703919487723911	0.994124551270229	0.976970225192842	0.833254438178163	0.851522235751131	0.761598004460813	0.800680320335789	0.749623533379896	0.882844671047924	0.945710303525562	0.925145071472686	0.766603045487962	0.841134234789164	0.762941153989846	0.903790497629176	0.988606600195072	0.885347449271156	0.826117498369774	0.961372472088422	0.88678476782972	0.853633950284135	0.972907375393138
0.975507663431025	0.998614963206893	0.979563019445533	0.972366009914629	0.983431718454315	0.854184487364183	0.917654265591696	0.824888436008382	0.881113801898289	0.86287950647591	0.998214325896631	0.992386744480357	0.917693763095425	0.882382644617669	0.863127392320134	0.836866183901846	0	0.651016497286439	0.687470995121201	0.744516681197274	0.860380287041799	0.686090066493764	0.855855481264109	0.799952485049444	0.860564603967035	0.930893031671489	0.856277826186698	0.901001890412775	0.975380191794304	0.980776514307477	0.974891991802266	0.977443171072599	0.954243930621392	0.888935877949799	0.958437755200711	0.986767824910026	0.987478389469242	0.987803697516896	0.943075966347054	0.974090286020813	0.973146409682196	0.96320037790831	0.954963554705245	0.988719006487328	0.935752970620365	0.996988735832878	0.972913154015554	0.99309826749543	0.997491287615474	0.978114088339236	0.979283736000926	0.970756444530986	0.93984557572541	0.96102505935413	0.93730086001827	0.958637690243392	0.991221544482895	0.999994359286341	0.975082012926417	0.964937809086544	0.983716920235981	0.841099764906975	0.916947872177525	0.836947618767567	0.859707928371015	0.873746910478351	0.999892762307683	0.974116185907461	0.925725714591166	0.996233849363477	0.862746568843366	0.76986693951615	0.808922396814335	0.656750594906679	0.936842695546815	0.651194144966101	0.735617150017867	0.875719496972569	0.712890710959783	0.795331155842585	0.90574627129589	0.855948904387068	0.999917028850239	0.884466555117056	0.866111514387552	0.970512456319258	0.989980449406308	0.991835769653447	0.987151871277199	0.957537566198469	0.823826789759554	0.984412555615015	0.999825372030093	0.999654136476997	0.982943277781268	0.968395422045852	0.94498602815537	0.95392566307715	0.945639526854077	0.970740960193093	0.964053876697451	0.989402126137967	0.910531296251963	0.966239436477452	0.943880525286747	0.994301623518011	0.989623902470737	0.981441007842691	0.949824263564793	0.987463548661674	0.976765998571739	0.945912441363132	0.959341010069882
0.926972843291798	0.979858928314141	0.886608104274833	0.845546510245545	0.876610093318363	0.648909800334377	0.866316894560113	0.661054040715369	0.733228997368915	0.740791260451142	0.99880773808824	0.919446097363954	0.832205228557683	0.92422668897336	0.80808520944113	0.706857809001631	0.651016497286439	0	0.603923853301245	0.631219541616406	0.556956786611335	0.552734784019449	0.709852057259307	0.625661019091921	0.764102377661116	0.862193825436419	0.792633206718607	0.879742349214508	0.920886976064737	0.961283672478315	0.975361043701904	0.976875061421486	0.941819451475952	0.818984060525589	0.944184252639371	0.991813965395578	0.977941832149814	0.943087711337711	0.909627021470111	0.940209667731581	0.956927254532882	0.859523923452451	0.92768008751399	0.999213000174233	0.871690313004089	0.963163882094742	0.907670439491521	0.974918845532474	0.964425684857833	0.94775895391302	0.965889992217819	0.921018931592584	0.809825443274117	0.824088638936809	0.835866690551324	0.920981613834777	0.956397937814129	0.985306173629411	0.880746223400558	0.84146754876813	0.890241359114805	0.689355644519474	0.864848887954586	0.712860964581718	0.774388471071773	0.784110266049109	0.996245490337293	0.870349274302666	0.859072676314551	0.992773850027197	0.814652127149534	0.692813008108701	0.870462431639937	0.479090995852358	0.917339755011411	0.651357597390451	0.638545172868071	0.674152916730594	0.602437315776322	0.671346773922228	0.839647127050477	0.739352096881972	0.996636017224538	0.781503588507352	0.832225260998805	0.985548949322601	0.969330269552174	0.976036971519089	0.961660334511325	0.937326684724781	0.731004264526815	0.950607515536635	0.992310710438356	0.997904649899121	0.954611925100126	0.936101841070258	0.885887024712786	0.912655243232953	0.862814023193864	0.961951006222855	0.941079633513742	0.953590117602381	0.875518687262448	0.895342749493354	0.84447997458782	0.964503391882244	0.982458868702999	0.952923455838835	0.866091608586076	0.90268289300133	0.875616687217359	0.836171367161002	0.930040827737809
0.956947405975024	0.995274412860483	0.940482442532412	0.939093493923246	0.950940513659838	0.633592055334413	0.908641320966156	0.54631408558303	0.638181710816051	0.614234329474623	0.988353395883255	0.998355582726842	0.958227626235203	0.983479101008449	0.850268306360871	0.775929379417644	0.687470995121201	0.603923853301245	0	0.481337967788268	0.685655464962808	0.550580321322647	0.859643703055017	0.755572476797191	0.734678319712547	0.895693149696743	0.715512549061992	0.804693253413813	0.888989739842304	0.998722218051959	0.962005079464251	0.929485406764305	0.893000782242294	0.773661225245233	0.921905397705115	0.982099227859041	0.953027939107791	0.948155947107033	0.884184937119361	0.925549739353166	0.935347709643526	0.893884111874139	0.880098409227632	0.992401476253971	0.820391263702391	0.915590927489533	0.861993664066383	0.959084803126401	0.934442801009828	0.922047594812982	0.923276480847142	0.892152033955364	0.905105154032513	0.913271391235767	0.87038315694548	0.951320800475552	0.973481538910518	0.999075142334833	0.933981841209088	0.916275591522238	0.963658133502682	0.673337055933255	0.901972610915444	0.628952255780973	0.673125829633689	0.646440255939135	0.975742730464339	0.987005478574456	0.960572499460321	0.968853872634989	0.885814906831081	0.764203106994844	0.875440374918111	0.62528550151643	0.946938655601097	0.67842458001765	0.521414505306831	0.675828234713745	0.587827854764835	0.864151137112761	0.885091354843609	0.822761102261559	0.969400646497481	0.772481802915772	0.777714479134973	0.986773249375987	0.958076725112807	0.910491297379009	0.993929315693342	0.94444569587631	0.819828025893885	0.928958559482785	0.985922792788464	0.996963945858656	0.92641591014364	0.896397720677243	0.868375957957681	0.889261688069855	0.911369998880821	0.9186655508822	0.891429853611177	0.908208058617145	0.832733188922989	0.825554005293921	0.794603664293706	0.922084916868673	0.967750365315138	0.930791015244428	0.820935201862819	0.958344913979123	0.878096044352153	0.891575332867836	0.945640796851786
