0	0.633417826617939	0.801374920367147	0.717865112348361	0.83352375025624	0.725167336047476	0.890457645117559	0.8458457622594	0.973843746214105	0.802313875582918	0.831064808361395	0.836312076114005	0.79590734488577	0.785197198771662	0.858806395975915	0.765072405679378	0.834419817305179	0.81771595222953	0.845896969185159	0.825309362018902	0.758913892315284	0.79009214283688	0.829928105452725	0.858486739389381	0.818517704599547	0.998312141400739	0.920748216272195	0.999553054631765	0.941125074021632	0.857612351302188	0.862642063161832	0.899946216742633	0.831982654286783	0.86824559507838	0.942141720773714	0.999252458930269	0.941017908372515	0.958568337790798	0.936835447136425	0.854759394153674	0.958594678685821	0.846734236113736	0.910584580928302	0.892858777323867	0.915844853483623	0.961602078839496	0.938940205458987	0.970261752784328	0.934003366195258	0.99019314559334	0.967395427866447	0.907013909158658	0.966067227398938	0.956493096258271	0.759447327362865	0.828666325152084	0.61837248732777	0.549287838937147	0.763162492631981	0.771805376877651	0.748868169976797	0.717296628702331	0.945158609275584	0.750210336308498	0.860942313890659	0.764448573644475	0.756057995252741	0.815835889862591	0.825702647696427	0.817221438260347	0.810239543826391	0.764471968981307	0.833692871944756	0.786200019627538	0.829184508541388	0.83310357745492	0.700635568078952	0.742051216319316	0.805062297428479	0.930214026521226	0.895427002163224	0.903000405513087	0.841316473258436	0.825316819164557	0.90099684990715	0.995946941939509	0.98748623461364	0.959150362629339	0.971268919654891	0.900045418504263	0.945573102186167	0.855736622892171	0.996518752958071	0.981617418911824	0.922824918257673	0.904069691306821	0.921745247419194	0.889490937808904	0.77150168732074	0.853107389171649	0.851478827067412	0.960038540564258	0.861871645680639	0.959459584536747	0.94633273823874	0.9740909353991	0.87073746501248	0.9714668559644	0.917466331976674	0.856793235993371	0.791129376044808	0.84212800914235	0.864638018588934
0.633417826617939	0	0.619754797784537	0.487787087924421	0.581610861034509	0.785150990316653	0.893293912708636	0.830587070066713	0.909774922889889	0.765148282638896	0.701984524085899	0.865410880138219	0.69552609215336	0.788116389117933	0.868693510223013	0.611404907887483	0.886110426986744	0.836335248030624	0.870094778582618	0.833368945322321	0.802689997582735	0.83779231215863	0.902808355561162	0.793868103324396	0.845793366361647	0.998941493085206	0.887724149367294	0.995161671719917	0.952840979732288	0.942077105109876	0.910729864622599	0.874285662229445	0.817493674759202	0.882486155379893	0.987561766434373	0.995943784580565	0.949799611476797	0.965002670099818	0.966294423189769	0.880857554991225	0.951063766332708	0.848370354670076	0.934576707137102	0.93456345748709	0.887246402642401	0.981120322403483	0.940016473118247	0.979977424330367	0.963059417448423	0.993321847220277	0.980871640230631	0.921580044282869	0.974225282922892	0.951477972582503	0.797187815988782	0.868152839960821	0.677665614373863	0.378237495044316	0.558389231750895	0.501676184898567	0.51083979415313	0.787045886338009	0.941653796799539	0.81465895288545	0.932987760211419	0.733275528011618	0.645403971036455	0.594685607259175	0.737771683211558	0.869264835432842	0.777671998549872	0.622605794463345	0.834626888472587	0.840617062666169	0.780393148913702	0.868415817732328	0.815012539674514	0.715869381718943	0.810498207050389	0.923734020255453	0.932016042546651	0.836438811608711	0.883730427259611	0.851829015863736	0.895826414006375	0.994914382735411	0.995095823078454	0.963329495258601	0.993947340186866	0.919460685622067	0.944790497472708	0.837914372288333	0.996817393554769	0.97829359576498	0.96529610027909	0.913697238234444	0.907883232862492	0.937055499645498	0.788011492831782	0.845130200081367	0.935180186209655	0.986465719608369	0.851440116909314	0.985547155343928	0.940849320914236	0.984691620782282	0.957197022816456	0.978515164728526	0.937417349685759	0.860474829282556	0.767560196022568	0.793052683204905	0.870291365912951
0.801374920367147	0.619754797784537	0	0.430790233904801	0.454438929591213	0.798232678487784	0.829179661577204	0.778859048065616	0.889192605182322	0.725383831612113	0.789232885978792	0.853854931273802	0.701895218042169	0.87436430054065	0.813302362684778	0.717927311334866	0.901626461310329	0.80924321165743	0.801334851573102	0.752340439016184	0.787096536729971	0.837051014777219	0.912896621315053	0.777320355092145	0.80174167210253	0.982705817455113	0.85695322621383	0.993805691549501	0.967783356772535	0.966422930764787	0.840939549376983	0.815108621352834	0.846075926682343	0.86353740304885	0.999928916809081	0.993001116213273	0.927826979780279	0.940191141683096	0.988047181012041	0.869767924229494	0.894597109917527	0.751413279477045	0.933429970541505	0.968324327565262	0.908433172757878	0.990395880647494	0.964958264980119	0.986737463081697	0.98631097925603	0.999170939988358	0.982786679953679	0.927879006879713	0.923622131765563	0.94431202835218	0.807050625292058	0.89438832615195	0.773116699757435	0.619716172479809	0.402829621215964	0.488363371346792	0.439302750801052	0.805660634529982	0.884217825702775	0.79754316395485	0.917946252920575	0.702642143441908	0.775512352382346	0.68802081760512	0.705799084204859	0.869869343361647	0.746350709945999	0.71600295003961	0.817648542662965	0.822270073063333	0.829339832266367	0.837589746151033	0.799674139575305	0.705450032408864	0.804261954738631	0.880398353390158	0.90584342600816	0.801298438650524	0.891735318671738	0.790421781986399	0.839181713697845	0.988668429580896	0.995377112949024	0.962742418257878	0.969847680841963	0.828322399047463	0.924471908370129	0.788294780806948	0.99994041211628	0.968945339001	0.962190333420509	0.888671174497144	0.876636545281598	0.942155647843016	0.741443704811047	0.85762482780201	0.973472713875801	0.995603311009055	0.841005483998018	0.992666631706892	0.966592664735368	0.991394480826416	0.983703006649079	0.990650437811127	0.947788349434638	0.901879910409906	0.785900685263001	0.83676062150708	0.849994928130697
0.717865112348361	0.487787087924421	0.430790233904801	0	0.458488497488964	0.730551954679596	0.853889986630899	0.763628193739141	0.917185637337074	0.716112401086529	0.73544562123361	0.849422509029032	0.65194530384438	0.81737604242379	0.809995558777779	0.641521038604271	0.864597672701401	0.784352185463602	0.801167716341006	0.75728004191045	0.749394071696648	0.815723150823331	0.882946119867279	0.756824685599316	0.779641378540711	0.982604084178376	0.843154227150365	0.989223199341941	0.959637119764144	0.944798745529458	0.84289076413763	0.811883048035837	0.78879481949158	0.844887188774976	0.992948050413805	0.992639694472974	0.928123904641892	0.928154607708061	0.970588892498618	0.863748807740151	0.904240077507212	0.73571021210385	0.894260396912634	0.938988238775594	0.882267831703116	0.982055663647208	0.94560985178847	0.974257600460506	0.96824049565436	0.995841356472234	0.978552739393	0.899086977018346	0.933720899233042	0.933987515413178	0.733755353335044	0.840755510088615	0.7334406846159	0.472236278607305	0.488747090234296	0.397293382564766	0.386023641738053	0.768820184034476	0.913336249423088	0.769405405130191	0.899618767607294	0.651234734148844	0.706112622287698	0.635762390131672	0.66891571157725	0.846919213429692	0.728231846691626	0.670935131528681	0.805494977677693	0.78717556261336	0.793249029993177	0.828141042514224	0.740094847260535	0.674969679068505	0.768154061673413	0.868338695109642	0.899488561414465	0.79561675314668	0.873408148892687	0.773214527462866	0.839069196664437	0.996462707809571	0.990298322043788	0.950423115094329	0.971457611165749	0.84853567236941	0.923939230797397	0.785756979000821	0.996595949196752	0.963541936369257	0.950555000902378	0.875321383258324	0.846851434620068	0.908391042190534	0.707666635316838	0.829715310378639	0.942755210334517	0.985865500965814	0.811279600310157	0.983558988797816	0.943413094283751	0.98771109604285	0.968267356932159	0.982855042890514	0.92764775019674	0.87215281288713	0.755450241688287	0.712893539386247	0.832379526158295
0.83352375025624	0.581610861034509	0.454438929591213	0.458488497488964	0	0.846201923104267	0.848107355924712	0.800166784382167	0.903204479364342	0.791723798614583	0.795815241463724	0.873573795552159	0.706393262681422	0.888280604058613	0.839743314652597	0.704341846059264	0.921064510365207	0.795113151696579	0.864320713193848	0.779003680965352	0.80330635587964	0.847552562369754	0.9454054017378	0.783249412275802	0.871628599619	0.989099094605591	0.889075544299136	0.999743322566337	0.995819100807163	0.991398387711012	0.896196273913193	0.860069649957961	0.861656856314532	0.866406729994013	0.994570091628561	0.980519677304454	0.977606221306126	0.970647527258001	0.999989633968332	0.942725376756825	0.955490528915271	0.808723624569113	0.960985404801485	0.991609428525962	0.967257140080022	0.998955518414619	0.996965375400359	0.999818253533633	0.999590802220161	0.998198998429621	0.999741124152042	0.969709456624653	0.94299608467442	0.985827085703398	0.859744976240833	0.917387433223439	0.8119164660993	0.603402106958259	0.555478348378237	0.549623571562496	0.33604719133656	0.853182661224692	0.898764666123258	0.819247682347111	0.902377002597931	0.765704004798761	0.797297532888593	0.699715887938847	0.738068101200138	0.868303305843729	0.787158756575638	0.729122593254796	0.808603853415289	0.827369526080303	0.828195838486568	0.856777348816845	0.797096113957407	0.716023109636897	0.803711100052868	0.90671329378886	0.913091557068114	0.820397302205241	0.881522692538392	0.787553958125266	0.870411510799972	0.98812910936675	0.98259355293761	0.991476648743202	0.994538769439955	0.899175765188094	0.957894458520943	0.834465389257772	0.999405117312354	0.99597657431642	0.993131663276781	0.945300582468145	0.918879235838167	0.962800033531124	0.804968035434184	0.860380040007217	0.993999052009309	0.999233597428116	0.878157779005936	0.999399817407304	0.990225174886202	0.99999132842091	0.992397011312045	0.997670596305174	0.976498430740133	0.936449166637374	0.872575530481792	0.82748123383384	0.879792477279385
0.725167336047476	0.785150990316653	0.798232678487784	0.730551954679596	0.846201923104267	0	0.763374525050861	0.623400732457508	0.867657010788068	0.590901146781643	0.727752750932404	0.690155267922719	0.723196240207052	0.802847653482601	0.62897791356244	0.656960247978099	0.685361539738006	0.558879149637162	0.523441291814952	0.529135741886488	0.474318947037181	0.579345132384547	0.727038992166704	0.589269509735227	0.660979021416847	0.973786126812743	0.712987054877827	0.994616595977144	0.934617283992757	0.891716408742245	0.731913530769003	0.791479732647954	0.712850576167746	0.719866973213497	0.986912733038043	0.999412281276351	0.877362376357707	0.91052372617995	0.900337747583941	0.71228195623814	0.882458725107443	0.643601201828811	0.736858738873391	0.868211143472354	0.814790143433024	0.937201835213207	0.888602916355917	0.936778436662237	0.904180678303328	0.968626189527922	0.90016574637205	0.826715117690959	0.885450158747316	0.93215935204385	0.811858366769281	0.626506629189533	0.722226878230542	0.685967073167588	0.840722193404023	0.77873074249614	0.809696201211423	0.341836257991213	0.837755892050387	0.523800022711406	0.840259024674007	0.526939711047665	0.714256620039645	0.783599773931673	0.71661721732035	0.723202496723889	0.553237481694231	0.669295333959788	0.702660894325534	0.515484732675667	0.721666560670683	0.643597220165627	0.568490265391023	0.57728174323189	0.492612103648115	0.836404155119695	0.793800524860905	0.658569440445302	0.724175784043534	0.647612237513914	0.702413122320318	0.999819207020842	0.981920520726002	0.896567530437403	0.964567935666339	0.767504029258839	0.838299431693583	0.778418555270133	0.992648983759261	0.948038018291338	0.904968990629084	0.76822288790718	0.789727421180762	0.836849207201878	0.657462825684097	0.729710756864325	0.870584978013486	0.936486920530485	0.676494502850102	0.930538733306785	0.863147673109888	0.949915959815623	0.911583264239714	0.951913948093483	0.871027476977667	0.887889290997235	0.820561803308618	0.809922285817074	0.648492599479452
0.890457645117559	0.893293912708636	0.829179661577204	0.853889986630899	0.848107355924712	0.763374525050861	0	0.492258231471822	0.929209845877647	0.760348712078698	0.910197109502399	0.888256533345652	0.896403437578845	0.962609701493192	0.878158124762312	0.855102603038289	0.86236849783107	0.803195139005863	0.729973171178937	0.728586822325169	0.810165592031576	0.78675092771047	0.889645560561166	0.840296102273551	0.871415183846477	0.998584879472054	0.831750153091252	0.997276100379076	0.963437221026667	0.966517593840015	0.868665356544336	0.907066044858435	0.862969798893963	0.891859771228859	0.987219391939146	0.995250655940321	0.951082295920313	0.936862284035797	0.979922172743552	0.895134937096103	0.929345866559239	0.854018195529007	0.917349145885598	0.963990336024308	0.96589510980993	0.989888957083449	0.969882781110704	0.966013931280475	0.9774293145148	0.986540870435179	0.953103119584222	0.908888516729738	0.972813106248178	0.990019366377023	0.952529144747536	0.780251277513101	0.861204888224642	0.842502118471573	0.909960903654964	0.890418093031239	0.859718810607895	0.73824679596352	0.270118482120018	0.528703893385276	0.82794601273558	0.754967193059643	0.883266749761891	0.913767536091983	0.873760859420964	0.90353370065695	0.84863606641094	0.882636182545856	0.888815769506844	0.798828629716239	0.822561959846769	0.763196304523789	0.773850434447374	0.776274234359373	0.740108062912441	0.928768882344029	0.863440817062329	0.832287892578742	0.896006397519912	0.754889884634763	0.814326427893142	0.999032620863775	0.964059800356074	0.948147784339872	0.977563129576204	0.88389912889118	0.926612335886292	0.847182804253873	0.999280234686097	0.946219754750663	0.937935102074455	0.873851365317057	0.877435431010443	0.895403147526388	0.862306433240999	0.891203093845259	0.972629993792248	0.971839315443358	0.872037918961616	0.973753972261424	0.956747589854976	0.973005335996347	0.943598428926031	0.974748514755705	0.92863605068452	0.960792360691119	0.946793307706097	0.932341858105671	0.770155970881592
0.8458457622594	0.830587070066713	0.778859048065616	0.763628193739141	0.800166784382167	0.623400732457508	0.492258231471822	0	0.860194385285918	0.546056071567827	0.812250076154443	0.824047297820376	0.830461944733695	0.90843612459867	0.791163017020065	0.76003234527368	0.789528720694909	0.679827581014729	0.590472356736993	0.551624990844955	0.662402055661508	0.676968374461448	0.821971361890037	0.731452825946641	0.743289520577885	0.994434215167442	0.669808898511603	0.999992643837234	0.928977724135522	0.955697323376806	0.792182379290207	0.881673794599075	0.732485561143126	0.787523398896169	0.986662394253265	0.990134033401716	0.922739651639882	0.921030509631164	0.935138381422683	0.838221784073481	0.879346501303616	0.755651554988416	0.840117597625329	0.922143074888418	0.894660867892026	0.966464999520328	0.90117422086822	0.925563019410375	0.940619160093032	0.955320073150792	0.904621586819031	0.801717593354943	0.943183698626128	0.961905115579779	0.896581897643193	0.656946329814774	0.808251088018944	0.776408837550675	0.878642525798305	0.816943438238558	0.811491553004974	0.58958027479666	0.559255546064961	0.411845562683156	0.869049870363208	0.545767161040305	0.757233686519437	0.818964978121722	0.80777595265709	0.833604358479269	0.748070655533772	0.781367704531861	0.813628416922038	0.656360968298466	0.670044766385925	0.687213383078195	0.660242979905376	0.614157031999	0.607156700368663	0.858640512677783	0.817974492922254	0.712414880734344	0.820111112306868	0.631683373304167	0.668505151356056	0.999989929516719	0.973231624138044	0.909521608731261	0.972247919728226	0.836968872887766	0.907886279514801	0.726816520685736	0.999146841496717	0.926779805061977	0.913612720742761	0.792681262970885	0.768727074832674	0.803102451541376	0.809655536996733	0.800165894676292	0.966774035988234	0.953285193802284	0.761526651439722	0.949603805535003	0.879510845929107	0.954141001414071	0.956971550033025	0.939454908326341	0.864331288799378	0.919602883470367	0.90016739762329	0.901750083767175	0.616720844503214
0.973843746214105	0.909774922889889	0.889192605182322	0.917185637337074	0.903204479364342	0.867657010788068	0.929209845877647	0.860194385285918	0	0.827304376781143	0.883805383910212	0.936002587682571	0.916132613731664	0.97824785022375	0.907527004494763	0.883439390551501	0.965427063524917	0.896029205079787	0.893110785443609	0.839626124614313	0.872542305480209	0.891852867185309	0.967538557972253	0.832369290152182	0.900841542599459	0.997855851185541	0.851182785432783	0.997576148885403	0.961580841637765	0.997112611416922	0.967651127890951	0.97013468694014	0.900607406485037	0.886388471005969	0.989565932562927	0.991218455464179	0.987302969117335	0.996333146680012	0.971558572812586	0.967505127655353	0.960437880414209	0.929549741496206	0.922183840313182	0.973147607276474	0.906027957506464	0.97459664148004	0.934139290346952	0.983102664674146	0.978516077218316	0.969694256936725	0.963099281443456	0.925813574305541	0.959844208541004	0.938412765527755	0.982918814359361	0.953306198834365	0.965377737542242	0.948956180614949	0.942061702838915	0.925986800511098	0.937083115304829	0.852591529513488	0.930531265521508	0.909317371540224	0.986733155995638	0.843205572626534	0.915253708750212	0.900764984383973	0.941792618825935	0.940769984386157	0.891887213032873	0.877118089968729	0.887857923876404	0.89893418059997	0.839767687983827	0.932957261372661	0.938025103353939	0.882855413841192	0.868316467750212	0.930628056338307	0.971932096105245	0.83979248602975	0.925780872138783	0.918548078267208	0.897320439321498	0.99017704982484	0.999604721265054	0.953533134254662	0.998569513452117	0.982351702085439	0.972119980800014	0.933067751428499	0.999758512828299	0.992247912243017	0.996636274218106	0.948361352060816	0.952800434940411	0.973621011368057	0.956715041416052	0.94676725297447	0.996624798006762	0.982983738680847	0.883552192749273	0.976104394423213	0.904245214664012	0.991169373461983	0.992635867682706	0.961446554434454	0.96525894090073	0.95412529477287	0.936496250651782	0.963899588592935	0.911910281667767
0.802313875582918	0.765148282638896	0.725383831612113	0.716112401086529	0.791723798614583	0.590901146781643	0.760348712078698	0.546056071567827	0.827304376781143	0	0.788633794453931	0.850713928510371	0.81003799312776	0.870856685083402	0.786755244982937	0.750865109747553	0.797062603566612	0.650242926567031	0.603064132149414	0.585723719182922	0.631286328984216	0.649498811784777	0.754410629462902	0.655457299960201	0.640457037975395	0.990244056474486	0.654107352536878	0.993979442105111	0.924486867570321	0.927998423826365	0.759511457953176	0.871705433655349	0.722100168026231	0.724177680564565	0.994888987583462	0.99829359704816	0.852475710507661	0.915609498649591	0.892181409045462	0.73150242597982	0.84953475394061	0.709811671305838	0.789865995864039	0.916151185229754	0.80879491245785	0.951011967763269	0.865979318072334	0.918939214198683	0.932668942343162	0.948958726797706	0.879027993080878	0.769958536619591	0.93865124441943	0.922118742598543	0.872691843350165	0.695464883711102	0.753764683990772	0.745256820424562	0.818168775338994	0.743344642743669	0.780442040211359	0.528925323911773	0.808895521033734	0.598395461552184	0.937340435097707	0.415812937194967	0.738298039216503	0.764521174730066	0.793375482960292	0.837954786004203	0.70955170560843	0.76116824294697	0.785087968251061	0.654383503960898	0.708974607641937	0.726961494425968	0.73233938250972	0.580994605091194	0.599911290087335	0.866077862483979	0.82951847567509	0.68923615387491	0.801610520833398	0.691500594005613	0.704908893553999	0.999597178879862	0.998211600901358	0.908504163850293	0.972250095612616	0.808331765588236	0.902363429920717	0.71009943082325	0.999934474215026	0.906879968535249	0.918632963039179	0.795056144928316	0.755747943747566	0.862525565052213	0.766810078533957	0.780889301393081	0.956970300464746	0.957162861134564	0.723623269126207	0.947636943113236	0.852733869240535	0.940898664012998	0.970860730516924	0.924816855655381	0.85247446830796	0.922090136292127	0.827874048207166	0.914052395480387	0.588017420554653
0.831064808361395	0.701984524085899	0.789232885978792	0.73544562123361	0.795815241463724	0.727752750932404	0.910197109502399	0.812250076154443	0.883805383910212	0.788633794453931	0	0.559002078875073	0.545579466282917	0.629606418095661	0.57813024395891	0.518723812751997	0.825753040655392	0.725174557264257	0.816661061044328	0.733167128232596	0.626375369817534	0.817571255819317	0.949439945013516	0.7647419196227	0.824096703867667	0.998840348866004	0.860139390600715	0.98064120000323	0.971868577079572	0.915958256237597	0.88249589182245	0.838158953063676	0.664528533361394	0.789324820999958	0.992618504777879	0.998565614838177	0.997287518470566	0.98608212058812	0.97150651351915	0.949674847352907	0.968197091564561	0.845940102963487	0.890976920539114	0.880519792181168	0.869388423746134	0.964410011707933	0.944853179467174	0.983572570414694	0.953409191082593	0.987011444462244	0.987740868240292	0.878132252971839	0.718945626321355	0.897534866815658	0.793278287271524	0.849935631629644	0.800251453941884	0.705507714203031	0.790635349610663	0.745829426337839	0.794876368174648	0.743827746203357	0.938772472134024	0.80336926716772	0.940251190652958	0.784684803725809	0.501108326208424	0.456829091228077	0.661657928730144	0.609536052089014	0.574101129720451	0.61153045489165	0.688210991650222	0.689887796096519	0.81344600740371	0.889248115870209	0.795050647730461	0.718491907680875	0.729405177079699	0.819137085392992	0.878939546197491	0.792965148748219	0.795074845101943	0.785191811208282	0.824222656131253	0.999016089197974	0.999672173144911	0.95192679704706	0.999879875429629	0.948155332855248	0.863902189811112	0.774150883391705	0.995073277406937	0.999801049559808	0.997807880130824	0.921640583819237	0.936930567831926	0.91239989230566	0.767077716458301	0.8634777874723	0.961646010057808	0.973435807081302	0.788661061632044	0.964231339828811	0.941413882322641	0.994941749933122	0.972425072795465	0.982218876388874	0.951295275886949	0.743586263383804	0.762128190750153	0.836376259457629	0.831063569351918
0.836312076114005	0.865410880138219	0.853854931273802	0.849422509029032	0.873573795552159	0.690155267922719	0.888256533345652	0.824047297820376	0.936002587682571	0.850713928510371	0.559002078875073	0	0.575819772829841	0.699468922225421	0.445589495378679	0.659596986766219	0.821349516770826	0.676162647799705	0.774643064551763	0.686965564806066	0.597478047876869	0.761874335231048	0.940179879117413	0.783754291485262	0.853398828612564	0.99377756142181	0.913902736801959	0.999040609704469	0.989368839527693	0.887230924337342	0.813605151057342	0.845364589596615	0.748011705122749	0.77620376974004	0.979641066183393	0.992782201551693	0.997752107404054	0.986450566875895	0.986902956136866	0.937020904891884	0.961954423780531	0.811824516764776	0.902820509357581	0.892330623747085	0.937118633870532	0.981891676637577	0.984834917813435	0.99598554191015	0.964446432350053	0.999606173107444	0.992943731846976	0.942053198182161	0.630267126880918	0.949739198659386	0.826993687837578	0.851811240411039	0.773847860813294	0.781049414439083	0.868232612565957	0.858681270195091	0.861114612914838	0.727329082147045	0.919421794672214	0.745717537081756	0.876619827840958	0.835087288134476	0.673245926347414	0.70448232700898	0.705223989154533	0.496274364649269	0.54710119415605	0.723070809213533	0.669669843833825	0.626046057015238	0.850498211282487	0.845210428255771	0.714054711060548	0.756221999015587	0.725253245678716	0.819241046835935	0.884325937505245	0.821889726120039	0.769726990362094	0.775147546923661	0.853378433802883	0.99740379067238	0.988842430169821	0.973480625231281	0.997291108519121	0.908159036953685	0.874320314215919	0.835044031561819	0.992835839915707	0.999350507834897	0.994893243589716	0.927261777803166	0.956011288437763	0.918611691507635	0.704661574282324	0.890003782229922	0.954573649335382	0.982334381353707	0.829637953705178	0.975793565479304	0.985292401020754	0.998706951597714	0.961999616229867	0.998455200521063	0.979520392550319	0.823666615897165	0.812487590253308	0.873446141561377	0.854968854434938
0.79590734488577	0.69552609215336	0.701895218042169	0.65194530384438	0.706393262681422	0.723196240207052	0.896403437578845	0.830461944733695	0.916132613731664	0.81003799312776	0.545579466282917	0.575819772829841	0	0.646881660503416	0.515915635616551	0.525900949192842	0.861830551365253	0.708331130105969	0.766428738262825	0.716311451084895	0.67797285613962	0.793909334276365	0.943937565964318	0.716432951915667	0.813369887592195	0.984639241943462	0.866309589876287	0.991510434060266	0.980053069526007	0.911208273898448	0.730353685883689	0.702724689966146	0.731881364397025	0.737748072303958	0.98756264950079	0.976364618627686	0.967839190845239	0.955115940988574	0.989842676683486	0.902326227106583	0.921759289210249	0.70430014745034	0.900601566461774	0.932633776017631	0.890158538210683	0.986586785194075	0.97889729597717	0.996720086579461	0.981356096509162	0.99933375494423	0.991116202728294	0.946196916975502	0.68380085935141	0.937705601371513	0.811700382320298	0.852784891447057	0.734055693915492	0.640853397197422	0.674664960222786	0.671678230068709	0.650467075037559	0.782588218898252	0.937877215892513	0.817748091072919	0.92057049015045	0.767097487353817	0.577936214018862	0.514644083571703	0.381509211120798	0.675729801987564	0.459071930739448	0.612048897444002	0.641992986571017	0.717663398519745	0.825060957319331	0.814658841849682	0.773139440436092	0.686948008496347	0.717668132007383	0.803839397201825	0.904457415789415	0.786002591760209	0.819830586504408	0.774703332753065	0.857152563107784	0.994804616077956	0.997422822974083	0.967839489184829	0.992610015473145	0.832080259914658	0.875355771337645	0.762663691068221	0.982536671098023	0.998561412671591	0.994104399803859	0.919250892879855	0.920767517775274	0.938543888524464	0.606582881473691	0.837670864356364	0.972648249276915	0.995491594213525	0.841072731050285	0.992282205226833	0.986341006372639	0.999902253327048	0.985659005165684	0.999793394867752	0.980227779483015	0.8082734153258	0.774878627910739	0.808605067869845	0.844796490609662
0.785197198771662	0.788116389117933	0.87436430054065	0.81737604242379	0.888280604058613	0.802847653482601	0.962609701493192	0.90843612459867	0.97824785022375	0.870856685083402	0.629606418095661	0.699468922225421	0.646881660503416	0	0.686909481219358	0.674405275978407	0.863489538694497	0.765111327224524	0.844571019961726	0.838097123238029	0.758683879302127	0.861339631177742	0.9521173746072	0.855024787464352	0.831227024568434	0.999168558336098	0.941536213415795	0.991235486426536	0.980255491841028	0.83280414188566	0.844070278184594	0.796674152399854	0.7449717392612	0.789717856990529	0.980094437496563	0.974630627610526	0.996831211210319	0.973590000308765	0.969016970541654	0.940780641648314	0.95667128687451	0.871814304347571	0.940869196916001	0.903579073587841	0.904511593095451	0.984150190894558	0.977414792376607	0.995165409478677	0.971077685665936	0.999997012283236	0.995555548547687	0.93088402029046	0.799680004784619	0.960763690848771	0.79145467138497	0.850636362704692	0.770007953328106	0.762284442127536	0.828028660677044	0.81351451512228	0.853870654619922	0.832080584500354	0.984713971274379	0.878999245664293	0.958738659485516	0.85968816252699	0.634030226254056	0.598418563627013	0.719678192852645	0.682471873138791	0.670334928507246	0.717227354776785	0.757413217472707	0.751780253712595	0.87658230337757	0.927366670984574	0.846660705825759	0.784174621200805	0.82569120437617	0.843916034451683	0.941856134918431	0.912314698739232	0.839400851878556	0.854913881003829	0.926321408793908	0.995743657368955	0.999153644770238	0.97707513598587	0.999984085659005	0.930704593135287	0.88409174791217	0.829890236240787	0.989646128020595	0.999759977595604	0.999993490632637	0.959487740935472	0.975101550931158	0.935230407642502	0.782863284189494	0.904779518529632	0.960891759958283	0.996067953501178	0.893350940560052	0.992550406742659	0.986727939123997	0.999709635097503	0.980070073866894	0.999329510039792	0.976920027051385	0.800058302630518	0.812173859571566	0.869686734846088	0.882073203640598
0.858806395975915	0.868693510223013	0.813302362684778	0.809995558777779	0.839743314652597	0.62897791356244	0.878158124762312	0.791163017020065	0.907527004494763	0.786755244982937	0.57813024395891	0.445589495378679	0.515915635616551	0.686909481219358	0	0.628571597359153	0.76010936634157	0.49640895808062	0.652855337990286	0.565051898474492	0.498576561609817	0.672210149862826	0.90065934600356	0.666044413192991	0.751343112365287	0.981466444120649	0.828252914974101	0.990611924337616	0.993806058245581	0.916494826415003	0.746246505371988	0.760406115627361	0.694724831490693	0.621696093613865	0.990820262227927	0.973142007148703	0.984045453078909	0.978161332257381	0.988984333709316	0.910612643268892	0.94042504853339	0.720439836005539	0.877260572071637	0.928002066357021	0.928470262080465	0.989840423962596	0.98719638491868	0.998224458407738	0.974696539305185	0.999963266737731	0.984447585573157	0.929006474031234	0.530056440801684	0.963316083759892	0.8507421892735	0.821584334878103	0.794943703906634	0.798702544160608	0.842493644302972	0.828642876627307	0.840616773670843	0.673184507273282	0.916137576294216	0.741097900998701	0.868564945142834	0.762841256900335	0.720464953901704	0.702533847369174	0.613867024225158	0.509761243745565	0.364920896519221	0.685533399193682	0.565073428845786	0.502752116576786	0.835600359710147	0.771169503368747	0.690434568451273	0.691727015016331	0.597473110774868	0.764420368273843	0.835105312170297	0.715769139124669	0.693799798583862	0.664938149081002	0.759635747377524	0.998026893872082	0.998597614177633	0.966890123158555	0.99882429333566	0.849950323850757	0.824140377574919	0.801573903128397	0.984063659492309	0.999807817861379	0.997682709629526	0.904280812699964	0.908157442102085	0.925313343447754	0.674522658776121	0.844445381690443	0.979209618610238	0.994909258592384	0.787063161745146	0.989273692577088	0.977792501014216	0.999936043959575	0.98514299148224	0.999437496453545	0.969844023468701	0.870314665551376	0.862792204745182	0.893955151395446	0.800025177190567
0.765072405679378	0.611404907887483	0.717927311334866	0.641521038604271	0.704341846059264	0.656960247978099	0.855102603038289	0.76003234527368	0.883439390551501	0.750865109747553	0.518723812751997	0.659596986766219	0.525900949192842	0.674405275978407	0.628571597359153	0	0.801460110596406	0.689471381340121	0.769700722210674	0.701395438604859	0.617712430900219	0.776576930910003	0.918754775817152	0.681387479316563	0.766730135676495	0.994635730538795	0.839122752141284	0.993826550933268	0.969474349270036	0.943452484891117	0.861800688619355	0.78911612954443	0.732977964488812	0.768508781014455	0.977787528313162	0.990478143927772	0.980962044530346	0.97513863426522	0.97521861925025	0.895664763747269	0.939920327175205	0.793505421436699	0.885322970743286	0.921757936978789	0.892249980327899	0.981648870288075	0.944061659971342	0.990611845648644	0.964947235751281	0.994746716549712	0.989107881834288	0.909967198073259	0.85967486104438	0.956321615447693	0.818773308375348	0.791429897247992	0.74789182471804	0.577719970643261	0.738420174157366	0.700818149550256	0.686084532844989	0.689277414366914	0.909612148438856	0.74037611838447	0.925009852276323	0.703804694257323	0.562422890135394	0.533720298219578	0.608391488924916	0.66246035799456	0.556125842630479	0.432658750373714	0.665965452538437	0.698446534808379	0.743681066552077	0.8286141825008	0.729499517803164	0.634943638231266	0.689745061116686	0.873716360984253	0.876777103392375	0.771955984295476	0.82462451483768	0.7263698069689	0.818074731989101	0.996976695087841	0.997598396893957	0.960090964982521	0.999993778208972	0.919484239882755	0.899650451883002	0.814194595489436	0.992499679380786	0.996657245267827	0.993707613973293	0.919472830502954	0.913329785276995	0.91037239142307	0.745414399950536	0.815413917542647	0.945957064718204	0.992469290831704	0.784324169842615	0.986507118359059	0.944198439629451	0.998094599268842	0.964021123511012	0.990652514424452	0.949078344534022	0.838195399606048	0.829884876138893	0.793807796987112	0.81541534034323
0.834419817305179	0.886110426986744	0.901626461310329	0.864597672701401	0.921064510365207	0.685361539738006	0.86236849783107	0.789528720694909	0.965427063524917	0.797062603566612	0.825753040655392	0.821349516770826	0.861830551365253	0.863489538694497	0.76010936634157	0.801460110596406	0	0.665538737464798	0.778059750448552	0.750026433586579	0.656830974291662	0.754463117445343	0.840266421719249	0.787647448288652	0.836465720904614	0.997979764466814	0.854282247745091	0.997241785555809	0.989949613148405	0.948421679133011	0.865059363654329	0.881627821278428	0.797583916171872	0.823504492902574	0.982562168120193	0.994636913726273	0.968313507325819	0.982540849946744	0.968427118669676	0.894138534653533	0.96892124211273	0.825401043025035	0.884549845515192	0.92326029258551	0.937503850175576	0.981034176768836	0.958747931896815	0.975350225461549	0.949930338723856	0.982748183906273	0.962134423194335	0.909049433678348	0.91858667429035	0.974392265051482	0.873800618970563	0.655729532340513	0.845174768617321	0.825787681332734	0.923412588390545	0.896799084988029	0.906468369015428	0.660206154549093	0.906929258346421	0.7049026587934	0.86049599191485	0.757105562404411	0.829576687128302	0.879788187245126	0.845726852848725	0.78245194029939	0.731811094985696	0.776800780171513	0.779179675643889	0.691597405706995	0.783402421760034	0.75757471620492	0.74261256437481	0.743969518841811	0.709779630255136	0.925500078220793	0.825190560817804	0.831656777358954	0.862412784912107	0.782115913319476	0.801499020119305	0.999440583834826	0.989141036987683	0.972220508409326	0.985855977158375	0.907707530083916	0.911508746235185	0.890895786849452	0.999999779348977	0.987477806923927	0.975141631546203	0.918322054135946	0.931362541006838	0.906945235324968	0.83171421341505	0.839596223914489	0.914752041983113	0.980230418945836	0.842719237834198	0.978783403933938	0.961459075425536	0.985901253803847	0.928312092111124	0.977252168164587	0.93079529754829	0.928436918535574	0.93020787127228	0.920027453815142	0.753581876289267
0.81771595222953	0.836335248030624	0.80924321165743	0.784352185463602	0.795113151696579	0.558879149637162	0.803195139005863	0.679827581014729	0.896029205079787	0.650242926567031	0.725174557264257	0.676162647799705	0.708331130105969	0.765111327224524	0.49640895808062	0.689471381340121	0.665538737464798	0	0.565906972694672	0.439762980990035	0.437300180352207	0.528197832680622	0.782917027327878	0.500621126274797	0.660293829572879	0.97673110400237	0.748067125280121	0.998949712612522	0.993371773209081	0.944614400258629	0.743933144107108	0.780692672607554	0.661805248932806	0.560271496383226	0.98024882051778	0.973358060492822	0.961531900280301	0.9662674380407	0.974108681296885	0.852316647681458	0.938201162062777	0.691963082674563	0.840004050545603	0.942999250909643	0.940981302973303	0.996739336338729	0.987632908909577	0.993562460177483	0.966587968555696	0.996696338389728	0.979072803037625	0.904915836720199	0.788278469339529	0.988560579504941	0.870966148334856	0.684431971169817	0.741226811002399	0.760303786123837	0.855414114970814	0.813349983983327	0.809778204181577	0.546221790305598	0.861594846169006	0.616361343839663	0.834258684195155	0.636030364394254	0.773710955694039	0.771342997976423	0.722773158898669	0.605299200124178	0.49407624937062	0.690331279757702	0.564259326445689	0.298940753489001	0.704980672383007	0.655482578346028	0.57135947987585	0.592414197432052	0.459164785041786	0.776927595226987	0.748625431391846	0.59736184989038	0.607448173893566	0.540951032117193	0.691849686245895	0.997335788288692	0.979747874318074	0.972801390842624	0.997493379675118	0.816521467427574	0.833487340137322	0.781869041951502	0.984914458273474	0.999383261621066	0.991850690317117	0.87347737932718	0.860006481668206	0.902733115147027	0.691370654294237	0.761360351416171	0.979246175955853	0.99711380147105	0.7615352760478	0.993832257396647	0.968811707110738	0.99734131099153	0.974916070313564	0.99268728147946	0.946595450381878	0.937689416440869	0.89794751964915	0.900790607261064	0.660877940900503
0.845896969185159	0.870094778582618	0.801334851573102	0.801167716341006	0.864320713193848	0.523441291814952	0.729973171178937	0.590472356736993	0.893110785443609	0.603064132149414	0.816661061044328	0.774643064551763	0.766428738262825	0.844571019961726	0.652855337990286	0.769700722210674	0.778059750448552	0.565906972694672	0	0.507182411393621	0.613538890970698	0.595340550787526	0.781706334641359	0.640201215358013	0.617286639526434	0.97444985232045	0.654098767859563	0.999979561993506	0.926942202944629	0.916582196156801	0.611166469867089	0.803712295799472	0.657756307209377	0.645744630693311	0.992802069442099	0.999932228158222	0.881606802928352	0.885366284693819	0.930577681107391	0.738054137075386	0.818376862449045	0.69437225203771	0.805102343176315	0.93167929226444	0.864383709361883	0.97043828352489	0.929270459648556	0.957689080559632	0.951665438966994	0.975466874512426	0.882684362035693	0.811602758690182	0.878545417313344	0.967469347444696	0.864502789741214	0.655774472500639	0.78595455719438	0.807925637697309	0.886856766663018	0.820751882990451	0.859500433641922	0.52121299814852	0.798482007370835	0.552634026168909	0.852841462207213	0.578812738254442	0.778403063733233	0.82282654589039	0.741332184709252	0.793077416655651	0.6298800623615	0.777824261908679	0.727139649470342	0.556566932378178	0.707965189487593	0.577562641084377	0.656670153729089	0.580935402849627	0.53970096689746	0.805667302428368	0.848761941554826	0.668823956465737	0.731002150595083	0.654742457122077	0.721356272926556	0.999395985081602	0.981877316455058	0.881779659187524	0.965778170066735	0.709825643425253	0.872957401297326	0.702909658943008	0.995457262502174	0.940572193177325	0.935460742357597	0.784358819570031	0.781764752049217	0.809226850087617	0.750402829823699	0.773232543135728	0.948866585284874	0.972907988444313	0.78510272252431	0.968707948298409	0.913107848828698	0.967578976556792	0.96333807071542	0.979875190033087	0.897364017141432	0.923512549511502	0.892172970170192	0.884081405443702	0.631511033141299
