0	0.876461397080328	0.593717479936979	0.847890159172552	0.964223724430101	0.998088012999635	0.994277780597533	0.997469844224537	0.974148730286511	0.980529975339147	0.886842387143437	0.949112844643262	0.921665017811213	0.950730524408931	0.993889742885226	0.947020358667215	0.982205182133251	0.935949296427547	0.952023897556081	0.998680073006166	0.984355212077125	0.939276873247836	0.901612249131546	0.983189956245498	0.992579656272262	0.999646083505838	0.910829892151936	0.999085503937322	0.998640378159554	0.977949353956961	0.945248155452943	0.952020344859024	0.981837791874993	0.987137142995505	0.99940862494639	0.982243219799231	0.956901143815432	0.988163044121549	0.982100880208593	0.990967090306368	0.991345656493931	0.945055104469249	0.932428075148929	0.999879169550187	0.984883719224833	0.996667129721735	0.999582647216585	0.999973616351873	0.999867295119419	0.996875120192842	0.975187661094514	0.998255033093325	0.972688996881755	0.979694403416118	0.989229969770628	0.985876904137093	0.516807655620652	0.843890945046566	0.567406777364484	0.775657365475636	0.84931836927415	0.999884838451197	0.99283756775257	0.999822163963897	0.971918999773342	0.985242521949659	0.964117776977934	0.965761151509672	0.850509452008999	0.969733850212983	0.976599143683642	0.948786218646707	0.958486399099093	0.980789093397287	0.940355625052562	0.952124230482145	0.900224701066205	0.908910507777419	0.922268376683533	0.979405837412628	0.995863683270829	0.999053559642535	0.989993567950676	0.961384528962507	0.947414005413824	0.993692734024456	0.995317774786226	0.998672077832988	0.991419411831859	0.983770646987182	0.964018400071007	0.979460698865122	0.999934128026988	0.996036151785392	0.987631558311808	0.995861737802348	0.986078965838628	0.994687037130762	0.941752627086421	0.881528912475738	0.99849764453724	0.999971720969596	0.999931240519783	0.991519826577231	0.999754799288292	0.991570840441221	0.996062935340953	0.986743064315559	0.992799734608785	0.972832419547815	0.97658995740452	0.978352465259164	0.984444607751766
0.876461397080328	0	0.829227195036656	0.723598704082696	0.728889032405691	0.929886637624288	0.918504566054725	0.876026734708614	0.929250568461429	0.77961702201694	0.653304472909728	0.953853871558584	0.905885833806278	0.876924438465796	0.91098559352631	0.884884066658684	0.953898564054075	0.861949951209837	0.830595566162677	0.964000273450827	0.821630026243619	0.838673351395641	0.913626673808605	0.99620728432256	0.990067389898462	0.999079349512411	0.828172104049835	0.986560529087765	0.952991974383915	0.982104818363701	0.945071315491993	0.992066187702857	0.891263993657975	0.982640056095918	0.977976299478156	0.9992657948227	0.999312635422007	0.997421221725982	0.999854210820009	0.93111229892145	0.999446290649486	0.996981442135123	0.971948081076285	0.993630822288232	0.989332961881138	0.998464300973253	0.999345638145609	0.989536355911632	0.995213836001966	0.987299443220779	0.999633691843884	0.997465671822404	0.983086305821859	0.989372585764823	0.973441158281241	0.725026428634023	0.920315613724651	0.447987273317966	0.899799574413378	0.721155185732956	0.672969846297315	0.868809696881208	0.875042348770743	0.902506686920115	0.89820437620841	0.806241554276764	0.888347344450644	0.870336468000745	0.832938563057622	0.888034826151328	0.886093266071377	0.934513911211023	0.896712525952241	0.878239376258287	0.888419629420661	0.935293531187922	0.838842824649056	0.892320610977653	0.886541005396237	0.974856937320573	0.999222116939538	0.999665349155184	0.9944694098475	0.934310444143957	0.899630652975903	0.999831687853203	0.978808621737788	0.996096863817842	0.998740787569749	0.974277468248643	0.9851844910508	0.969326116482851	0.983921816414741	0.977377863203125	0.997745262640488	0.997553974694146	0.98902011928213	0.999371682880103	0.996164553389189	0.976503765198207	0.987606912112168	0.98677042438453	0.986829863394548	0.999999870644031	0.997475031207148	0.997602394034798	0.992565156836308	0.985231812065982	0.999809081727201	0.975198972341753	0.983692589711953	0.973031554222627	0.88347613926726
0.593717479936979	0.829227195036656	0	0.713871230964127	0.795642568662584	0.98217740226184	0.929226780323348	0.949994680805573	0.945045490242442	0.914674611291019	0.834717253129969	0.937378353838627	0.900277785597228	0.936171063954258	0.958029496968008	0.894131148414556	0.939646574835592	0.906597553390022	0.943544704560336	0.985628314713725	0.926893600781269	0.86704501040994	0.892080421056618	0.989967060944553	0.995543096110182	0.998574491935873	0.895161427223512	0.999971881492857	0.994415063441355	0.950979079634866	0.936867588972046	0.964890650948373	0.953228092753853	0.990378567047029	0.999664011967416	0.985288609364387	0.968452301368897	0.976898944537353	0.972463738412114	0.971252183725558	0.990948955681613	0.943502838039794	0.959789630964084	0.999391579001627	0.968442572872354	0.980434674609211	0.997130663307026	0.993583877044041	0.999046290398576	0.999777365840056	0.967948333496068	0.999995406451668	0.959094520795048	0.953060440012721	0.971775280762602	0.939403732338344	0.681797197645791	0.769412175889464	0.390795536649377	0.590120672459596	0.642725107026969	0.980045242335696	0.92455628362552	0.960345358272682	0.890653127313675	0.925925529544379	0.918053266861986	0.891798911753541	0.822118766808199	0.960249567480914	0.915743023475291	0.946907630227991	0.944689809612038	0.922401796300373	0.881859251516444	0.951328614910621	0.847078263220669	0.89564716152955	0.870046855595427	0.964458238018439	0.987321119364226	0.992800050431413	0.999987286063757	0.960069261380812	0.932343072059271	0.99951622653639	0.981342035899895	0.998453169806989	0.978610807352135	0.974885887693526	0.983942153079873	0.958315340472356	0.999028841630579	0.98852453993875	0.989994911892738	0.983286830556471	0.999490272941749	0.997492631903541	0.930004645487414	0.911843033621333	0.990586383877995	0.996824943549031	0.999039094027854	0.967100557221852	0.998492177686501	0.968000552974754	0.991184716772983	0.998673245264271	0.992432531989718	0.970502611126166	0.965855083686508	0.908604707932773	0.93639950186871
0.847890159172552	0.723598704082696	0.713871230964127	0	0.784346764959543	0.978628900844044	0.946432549696328	0.956829686735097	0.943936932902425	0.894297026929727	0.873693074023238	0.982703662212103	0.965505277525723	0.958449568569043	0.983397734489765	0.87105009405207	0.95733889113428	0.939142200131496	0.919817357795342	0.992983968436544	0.92125347792988	0.86639075579996	0.928064748262146	0.989636018289325	0.964124875686711	0.996382729754321	0.876249628017223	0.999564580293248	0.962700879487382	0.983978079962593	0.963271754498196	0.963252853766211	0.909504932702548	0.994685429332253	0.996725521705907	0.996541121848771	0.995669915559944	0.987909098099898	0.994909795303861	0.930453773592067	0.986188873424743	0.999588360983119	0.991908187185456	0.993339098102667	0.985867768208797	0.997723488356831	0.997200551324464	0.997752430175358	0.995881868786335	0.999980226734705	0.992120558078184	0.997955760803606	0.993928378036784	0.976653424201246	0.969753184924802	0.900240412324487	0.894096082675592	0.738839216124923	0.755784568802088	0.567536870979916	0.693680279597886	0.973542991919335	0.941481696813663	0.950003471166216	0.934264591173534	0.908072600211124	0.898900174685423	0.918811659868536	0.908962811452926	0.975128723582663	0.964862490165386	0.944778669655657	0.924619426088897	0.916292497407331	0.885737925848213	0.961166479623793	0.956949948731547	0.941565811053432	0.897201667420924	0.966496381700378	0.979226249603244	0.990765949462204	0.99979151902902	0.957654193182626	0.849475190157182	0.997223723740281	0.994963096325535	0.978233142043478	0.990487730966643	0.980998564093405	0.985030122757104	0.928200451212074	0.997216694921937	0.995279114313039	0.999875877469173	0.99358869129635	0.993034067215917	0.98861967794543	0.988107368269479	0.988442635993409	0.995652084775861	0.997101415707168	0.996834598914911	0.99587682610406	0.999918510546683	0.992348764869817	0.998318402072285	0.998343441367152	0.999644528215367	0.987859799740197	0.980749885532225	0.95643745894945	0.899212198186595
0.964223724430101	0.728889032405691	0.795642568662584	0.784346764959543	0	0.800917951758293	0.83395634135342	0.832167804625585	0.978139652052361	0.808974285531677	0.825131392334741	0.931008168652576	0.895079234921867	0.940961407258734	0.857649448246954	0.874117288938144	0.928493803062125	0.948524218680996	0.957116432485251	0.96657103403996	0.842821168984358	0.894959372167427	0.98108110752433	0.999721338239465	0.999895143013301	0.997493555529113	0.932619720754822	0.976209618230742	0.978363055707407	0.939084405227527	0.942391296984107	0.992549120858138	0.88221748871096	0.981248539091166	0.988729250359646	0.995921771566178	0.990044754523045	0.986557330594776	0.975789600354706	0.95631322780554	0.998520372319571	0.96329451316111	0.998748776290846	0.9857419001905	0.957903453689357	0.949946071418552	0.997316393183631	0.955566999024641	0.987049406451306	0.996429012911492	0.978218462053975	0.999995995233059	0.947262167131641	0.928424260144667	0.940378861886132	0.84037323075218	0.984221626128548	0.758702931076297	0.910764701927303	0.699355068416241	0.549231097217054	0.804753784393432	0.778535033793478	0.810863377990242	0.855139665157413	0.84350091198412	0.88679804322715	0.819584718677427	0.86454051806083	0.938550268031343	0.843869000957558	0.972550894139807	0.96032144887519	0.880886295832275	0.911183481293774	0.988272529925458	0.90340721588538	0.941109914340973	0.947726086951296	0.982725065565893	0.994075459009872	0.990550584909742	0.996269399786902	0.99249345271637	0.959681961564496	0.994773621719483	0.97176336517793	0.994330786646445	0.984968672970455	0.976058444504492	0.993000952070513	0.931632930448647	0.989352178778341	0.953519198705474	0.998222541839733	0.97532433977563	0.965308475885794	0.999860108842169	0.973408936327318	0.994864578207175	0.972608906127398	0.987912868373572	0.999794788942722	0.960950812984251	0.999566508867862	0.977820526577094	0.999439857462468	0.995518402470221	0.998864377080457	0.972131847891161	0.94929316084311	0.907250332828143	0.904478217824074
0.998088012999635	0.929886637624288	0.98217740226184	0.978628900844044	0.800917951758293	0	0.745498508164006	0.662715474470548	0.973201662603156	0.771583454170228	0.921424656685065	0.93454013753022	0.912617710060316	0.984803806174877	0.636488006738521	0.968892488735335	0.952633651549706	0.99195423683414	0.995485810787515	0.946061635376542	0.838371778633436	0.937146388982093	0.998980641751642	0.999843786557246	0.99882741611065	0.995270467044797	0.973307102667809	0.902532300901131	0.96205578358441	0.901892194277478	0.92102900581583	0.999098752445631	0.906669912935127	0.925212211822105	0.959929018927092	0.990226177577494	0.974724608579141	0.969918191917608	0.93100679161694	0.989617253737548	0.965859960092449	0.961508824418073	0.997714792143436	0.915923170080193	0.918957043099025	0.882023767704321	0.970476659913491	0.871127957236387	0.91620632570867	0.938131085417143	0.937572408443929	0.959441607383921	0.956300498811815	0.896905707304295	0.97154064843895	0.881851152187081	0.98936037125799	0.934835291375144	0.999480404372457	0.954941288049202	0.903469877845905	0.412919501330094	0.697837471577753	0.660096859500603	0.822599215158678	0.758696110916924	0.953060400535293	0.934803529718539	0.961898031989586	0.975483066113374	0.763149137103397	0.999978635712975	0.971462962164079	0.902179029201321	0.908938699423505	0.987963339941912	0.928910122907815	0.989737905971403	0.988145398175433	0.999324052335755	0.981253836142525	0.962084746500798	0.99474230833039	0.999598896651548	0.985202465374763	0.996178066465686	0.979161775678085	0.976968967157841	0.978423531171265	0.96466617827772	0.994596982246388	0.89696925683361	0.996868410263388	0.933450405550811	0.991228395842949	0.950858853159231	0.984131107870894	0.998993671537254	0.988885087375484	0.999123132680118	0.901705935428988	0.956103214441095	0.997860106459723	0.925043488066558	0.984500069702079	0.969283247034398	0.999780407717711	0.973021239587853	0.992403298484349	0.9939866019896	0.936291205365501	0.885408404948512	0.939147893821671
0.994277780597533	0.918504566054725	0.929226780323348	0.946432549696328	0.83395634135342	0.745498508164006	0	0.619104756598959	0.971029203056315	0.841830769026908	0.884719536695498	0.941197808532411	0.941122376326657	0.967323394185605	0.883986804844214	0.943925858176267	0.899543636406454	0.930282094695387	0.914642162298311	0.943492823623591	0.859910929296341	0.831532406586016	0.984628656850346	0.996236706771984	0.99710112424226	0.999921237566189	0.942031871993605	0.965047266739436	0.99035553015968	0.965249032134929	0.94140093064568	0.991418019404654	0.894212218702092	0.967227436828074	0.996632098447981	0.994077260420841	0.996372220399184	0.953101053282472	0.991340288973973	0.996300705185814	0.991896831628089	0.991389154426624	0.991001962174676	0.996228008321397	0.980198072430985	0.986846876949034	0.999944071352249	0.988093867003247	0.999714845519178	0.992794729768849	0.98636255442379	0.999630703982416	0.982857717469567	0.941122218454129	0.975008211477759	0.86384433161716	0.999981478123702	0.924224632424545	0.977328944997053	0.903461512991244	0.877706951290759	0.822999188400081	0.450218788832737	0.613883326605447	0.83698689019183	0.818197685776738	0.91772522778507	0.903090396525893	0.952433656212989	0.985189967887241	0.855133018054333	0.999481191696431	0.938047125158172	0.844971795104887	0.865413073513636	0.958073905036899	0.931674390918891	0.994281221612344	0.916484228562357	0.995608787724292	0.998896531408727	0.985076896587956	0.999867064324344	0.996904548892517	0.984216529111572	0.99559562454089	0.977318895270906	0.999086411812643	0.966944150353827	0.956781300762857	0.995125786061819	0.948188700703823	0.999401897658735	0.994689856678962	0.999995333492734	0.991502258776495	0.970038235485277	0.994857783108929	0.996029128499582	0.997123820776115	0.989740097933961	0.998509196994738	0.998028916079916	0.977596839246461	0.998398010853893	0.994955681423963	0.986576566531602	0.994459453191019	0.999393899558939	0.987807177587454	0.98478728156376	0.900413787744656	0.902761395190064
0.997469844224537	0.876026734708614	0.949994680805573	0.956829686735097	0.832167804625585	0.662715474470548	0.619104756598959	0	0.910167868222291	0.753229150877955	0.899796633687905	0.914552685651898	0.911620065074724	0.938247152175828	0.752878991939461	0.962906684731604	0.956330782058301	0.915999791524447	0.922012944412412	0.918972533938491	0.807819040553049	0.849266454514546	0.983980586638695	0.9876366888098	0.985267393693295	0.993758042373761	0.893162598385878	0.961826489053624	0.962935671709963	0.907892924905419	0.937068337578046	0.998521364657716	0.916834881372223	0.961153759878675	0.980480077874201	0.999987161601981	0.992931979851636	0.996747715901031	0.981079361990056	0.994564929327535	0.988901254942745	0.971836932927997	0.998775209524533	0.97948064184404	0.953841454837098	0.952032989105674	0.943145432987885	0.95402401500341	0.986093788442115	0.980204268409316	0.991493999619612	0.968990003204473	0.959462550216775	0.91852154908273	0.949637486156276	0.817563956490389	0.999055203778466	0.894132154159966	0.988470792396876	0.915985814031575	0.867393824025894	0.686629701919137	0.591766979341157	0.47825507093503	0.79432895607325	0.722167579045183	0.937295862690866	0.85641270047467	0.932811007122819	0.945248834514073	0.778513228944346	0.992872821243697	0.943971729961742	0.826525716301352	0.899829655717012	0.982982374391197	0.891779898861498	0.965270318793665	0.936434271675671	0.982780801280543	0.986394209795001	0.994197445308114	0.999368850020421	0.990741916553419	0.962431648898659	0.998591317573798	0.988065697110981	0.973386420224353	0.9387487603156	0.94339309798458	0.999885318253291	0.933273002852797	0.998193467394533	0.954204978880335	0.996690862765469	0.983938810522297	0.996063595542849	0.993750336108669	0.988849915568226	0.997487160692748	0.966976717764236	0.984975439086765	0.996333721944469	0.955244063399433	0.975113540923606	0.973611498209899	0.997482534435569	0.991147445059985	0.993174945444404	0.966769271858694	0.960057345410503	0.924477099563815	0.906364649154569
0.974148730286511	0.929250568461429	0.945045490242442	0.943936932902425	0.978139652052361	0.973201662603156	0.971029203056315	0.910167868222291	0	0.886500627499981	0.957299675078748	0.949802195459219	0.991581334786371	0.93106595971354	0.942421705611456	0.948713783238663	0.93366298095945	0.932032838299798	0.96601906591514	0.943827901444381	0.962781944560594	0.89070887223476	0.947688748476348	0.96578729471011	0.988404117568181	0.980155836433864	0.91386084429227	0.989013572375892	0.932386983291983	0.969719546213302	0.973099752363003	0.969200517389524	0.972598844923068	0.995413656917922	0.988788406764365	0.996628358473163	0.999986610609024	0.993720404816894	0.986763660492519	0.995926978547863	0.994266581909521	0.993103044045531	0.999520785422495	0.994424875547503	0.945557670415672	0.979744703892818	0.97730288822402	0.999895865512207	0.999999924745176	0.976328377102925	0.995632068077646	0.994130151120406	0.952743810259725	0.961553313284986	0.951588414021919	0.976931484532287	0.962080411272232	0.947375418504707	0.941674862272269	0.941575370698205	0.950679742655785	0.968258593969642	0.958462280055945	0.932426299657083	0.960314682163583	0.912700608344779	0.953473149334921	0.917732962640555	0.975807240535626	0.96415250122698	0.962517004325001	0.928648180021677	0.95703740659645	0.918882509852633	0.971761771496571	0.974840978296022	0.983891736148333	0.951362975057672	0.929053535504159	0.982124264725157	0.993914470931948	0.964584400216354	0.999414774035385	0.997741399863826	0.883943011790503	0.99952917714783	0.998315386322707	0.944195424061737	0.963164032317981	0.976540612936561	0.980342599062551	0.955065454728042	0.993935757518358	0.997558034731456	0.999999552707912	0.987177178584913	0.997640691561913	0.992023117249889	0.989767894033875	0.966270785381703	0.995418133567479	0.998188630376083	0.944614284675995	0.975031299080006	0.97526844887383	0.99114688862759	0.997287531116256	0.973115630600187	0.996084155744602	0.940736598045466	0.971766786468274	0.981376566543135	0.955027465268707
0.980529975339147	0.77961702201694	0.914674611291019	0.894297026929727	0.808974285531677	0.771583454170228	0.841830769026908	0.753229150877955	0.886500627499981	0	0.802092390073307	0.910656142828901	0.872731149671697	0.921539362261769	0.830384085924635	0.849021015262956	0.948597167153765	0.922846293583546	0.900369583768389	0.923109180351671	0.794115736040839	0.849367959874265	0.979203847314873	0.999652675128312	0.979637526905911	0.994022163854321	0.812335648264027	0.959751080134194	0.91125168932806	0.939982427437154	0.901184293967965	0.960484342300491	0.844366799022066	0.948290077812114	0.921178196446393	0.999510826035051	0.994221598060601	0.996850469085588	0.99136418113505	0.977481010838432	0.973977672420348	0.969090288502141	0.980844931584192	0.986798455412505	0.922802981245555	0.935484950294246	0.976154125753354	0.945249598236848	0.993689683243738	0.997793054231597	0.989893041292573	0.966397886221516	0.944781930152762	0.910312214971068	0.957945446536406	0.662655693590466	0.984543244254113	0.799442604553436	0.972059980469949	0.847316120503423	0.792926818956753	0.698983128655229	0.793892942584309	0.774260161129859	0.821339904760947	0.479267681604624	0.891701672938871	0.885361403214029	0.890450755342868	0.911184712737975	0.801155698099176	0.950572730393979	0.910503678232087	0.844970819956113	0.800987031630461	0.983809539244925	0.843816553196703	0.923036659383724	0.886474502873862	0.981565076568781	0.935059298530284	0.997663790900369	0.995526211455491	0.942572840610898	0.899528286860797	0.999921114265479	0.957975779756715	0.952830318323766	0.953913135281361	0.918765561900656	0.961456850300507	0.898872320422401	0.952932993251377	0.963620801007898	0.998386531126495	0.988904100758058	0.997933735212216	0.999988161929176	0.982086651564664	0.97465677143379	0.932425603392765	0.994707920725358	0.998429872965725	0.967414861997043	0.971996559894316	0.975965512460907	0.999911804711596	0.998136135807377	0.978889588773228	0.951667243214413	0.90326822285121	0.904956111865096	0.780512281104958
0.886842387143437	0.653304472909728	0.834717253129969	0.873693074023238	0.825131392334741	0.921424656685065	0.884719536695498	0.899796633687905	0.957299675078748	0.802092390073307	0	0.859054095206364	0.714554067568552	0.768102964210117	0.821941241994207	0.780960153604753	0.905992788563084	0.75918144111741	0.834043664765565	0.914466565615675	0.840721070570013	0.819854991000653	0.84723760723663	0.998173949278534	0.99850130636744	0.99749957469818	0.867905128571881	0.936761933306231	0.993082648181896	0.985381680569199	0.877102608317099	0.981176852066932	0.859291091994319	0.925864409079148	0.99394615837235	0.997959430345103	0.999328181107019	0.99999220900469	0.997182429748302	0.929180060802566	0.999991229963691	0.988289650200428	0.985014591402899	0.988569257554839	0.997147143452364	0.999780443270357	0.985870632530335	0.999701951313142	0.968648817119821	0.950163480339357	0.994842068149018	0.997909982055066	0.967463222657088	0.978403827419191	0.953015620035079	0.728302448981973	0.916368137403074	0.62739350500704	0.921531040334921	0.8039609959481	0.733387031172917	0.885889064085199	0.867874753624854	0.931861454578731	0.868487821881714	0.841465064211358	0.886680028991289	0.845281205725404	0.664964705456986	0.791136652471746	0.746700211263597	0.913725152680983	0.743373928225976	0.822084264810604	0.882395189268161	0.916605737020474	0.702117356233214	0.894708255942651	0.845473681559612	0.98087916457661	0.999883465073057	0.974843786980154	0.976621533657213	0.954671405265564	0.971594494549658	0.993674889286018	0.886885190311665	0.989648466677572	0.991012615965874	0.924600590855676	0.991380123560046	0.979037763342054	0.989621483565172	0.992003005898001	0.997760722127468	0.985737124914712	0.977756173442392	0.983700161381819	0.996155904535585	0.98034799391689	0.982782375277034	0.971122829948838	0.95271805328472	0.999495041844271	0.969310523894454	0.998863674278249	0.971890051635463	0.93463593534607	0.991323797962459	0.919575077788618	0.975778290551159	0.909623811421381	0.901205882516259
0.949112844643262	0.953853871558584	0.937378353838627	0.982703662212103	0.931008168652576	0.93454013753022	0.941197808532411	0.914552685651898	0.949802195459219	0.910656142828901	0.859054095206364	0	0.630987810207346	0.881348645798344	0.820382432361419	0.903727761384205	0.879132228080362	0.959095256670125	0.991193893412937	0.93513633423306	0.974777228378082	0.980308002715716	0.960884874569869	0.999403090670961	0.992829555161131	0.999865827105235	0.989387908386048	0.953328367037631	0.981690105336349	0.910427601918767	0.717663301412032	0.897448336093995	0.887123088991135	0.891504886753707	0.965622217857089	0.997750264096881	0.960745678286796	0.980203046891409	0.975056012093503	0.99961020260161	0.992420412247221	0.931688293980963	0.998080029970526	0.947930659010041	0.944459118628727	0.937583445269977	0.999999976032704	0.995343263746157	0.999991318610175	0.992333216724886	0.999590457962566	0.999985007619296	0.773147699514836	0.816399137286574	0.851200925784164	0.976562299488505	0.970184643144278	0.95323199586117	0.971299852234145	0.93108318222565	0.88889829870441	0.908110327405329	0.913725079103154	0.91721611232302	0.905968722390846	0.956958446972687	0.956498444076521	0.888109309596031	0.814620310826007	0.86335728301306	0.880961228069649	0.980075771538266	0.876922866989851	0.962255482841284	0.987951043148593	0.993839091414534	0.880211862943962	0.964631592356234	0.98925534553914	0.990295733995006	0.999202495278741	0.958018110035401	0.972170458820685	0.998518310410278	0.999474135926573	0.988266023209745	0.949011778342058	0.99969247618605	0.909431665713117	0.852093772935254	0.983106961368576	0.91663574119628	0.985461917192415	0.967853351756097	0.992846571223628	0.999305213455114	0.999815887574108	0.998249034235179	0.978748741382612	0.986542132017668	0.957167252243733	0.996358414198193	0.999820912974473	0.961344875093394	0.99994383710603	0.999917714957433	0.98885419452561	0.971725554899043	0.998821128360334	0.84707174763108	0.849559629938224	0.865539672098934	0.993275564345211
0.921665017811213	0.905885833806278	0.900277785597228	0.965505277525723	0.895079234921867	0.912617710060316	0.941122376326657	0.911620065074724	0.991581334786371	0.872731149671697	0.714554067568552	0.630987810207346	0	0.811180790408272	0.720439054161327	0.858934847640676	0.906500893402563	0.884320336638211	0.962188629406555	0.908922004889637	0.945616524189724	0.945075596953525	0.919617590462042	0.99567079937686	0.999999415697691	0.98834397509916	0.963480116588323	0.91734629898256	0.997990352480402	0.936550032966515	0.770241171221123	0.949358820532104	0.914115217462783	0.853341232625896	0.983234711657335	0.999660637770416	0.978781916523935	0.998243384741683	0.995226152482061	0.999818221085465	0.994162516900777	0.90832819635305	0.984694339654133	0.992800672254065	0.987660333918009	0.983257591599472	0.999860826740659	0.995335163147034	0.998052417742442	0.979004908268455	0.997778424602231	0.999875410262684	0.907363417402173	0.908806268668727	0.877036902924962	0.900716807929639	0.945297149252669	0.891615154308899	0.958503413789299	0.906664096393935	0.827868582868912	0.889363558357759	0.934135356888075	0.942766211363053	0.906555526135352	0.926118673885369	0.920062579050747	0.798812383525668	0.555808857546137	0.801565348730599	0.743493360939877	0.94712328555307	0.800270078243907	0.915503819937556	0.9588468033147	0.98974964752434	0.776489672063076	0.918365067829964	0.944602077942399	0.999343777670603	0.998210515741951	0.961558278984348	0.981045179201229	0.994010902780553	0.999300086660576	0.987395767749706	0.912726298927773	0.994736575279188	0.961257375453992	0.894171997684414	0.974186460568141	0.968335814722237	0.988782578570985	0.9843024903566	0.99888036378386	0.996803926449837	0.996140558915245	0.993313534797025	0.977611623045356	0.974449617080972	0.972213142156767	0.997994032886122	0.971013288606981	0.991689660519626	0.994380793562432	0.999459489983367	0.982939445572624	0.940731785284792	0.99550626622529	0.826551100427614	0.916889468213123	0.889322277036975	0.957452685254304
0.950730524408931	0.876924438465796	0.936171063954258	0.958449568569043	0.940961407258734	0.984803806174877	0.967323394185605	0.938247152175828	0.93106595971354	0.921539362261769	0.768102964210117	0.881348645798344	0.811180790408272	0	0.830121412542704	0.818334267912737	0.933852841130209	0.594663925228213	0.835145424759019	0.912615672933018	0.880777404036252	0.874017882709174	0.822400430523073	0.973645731522516	0.990246980388832	0.988889132137911	0.904376042327031	0.992934247710684	0.991511263146977	0.988807979731724	0.97747015320003	0.962334933912497	0.986182718398928	0.997019068170754	0.999195628632714	0.999957795104274	0.99439901150188	0.981536584066852	0.997191448937177	0.992406648087411	0.98238468578586	0.983019585239884	0.983315550456351	0.996938382760847	0.995261483810414	0.999636357225894	0.998743453180214	0.994565887395606	0.978910000821166	0.979176492642485	0.979825973012289	0.999786856567157	0.939253590273642	0.975520553370612	0.883134345142764	0.882426255544345	0.947549593014483	0.864542105688889	0.943881641268965	0.886160424625199	0.857201362310151	0.954874311953215	0.96646608760231	0.957964471940799	0.918051644198197	0.94480003009385	0.885027570665821	0.732950745167968	0.686592467906006	0.557953827273363	0.73911327651424	0.778793890899838	0.79322470185106	0.734942612177441	0.995801402931646	0.900605335192483	0.857060492804656	0.846841186215749	0.85200263953973	0.979296144597091	0.993491522310942	0.999949446651708	0.998159172003342	0.986325142715872	0.977630812769478	0.999974472012501	0.962964695969489	0.997785869118312	0.974806951088317	0.991482221365865	0.932622440567474	0.999999694635184	0.999890990209391	0.999973476922865	0.986467736589653	0.969950995680912	0.981622082463643	0.983604605799362	0.997040654113689	0.984983784120396	0.999432504493898	0.977316427674069	0.984901651684267	0.999746427114137	0.999374181591412	0.989086311045896	0.998983933762647	0.97215594814695	0.999188441469026	0.781539590047492	0.968027857888477	0.950302757112815	0.964521926422814
0.993889742885226	0.91098559352631	0.958029496968008	0.983397734489765	0.857649448246954	0.636488006738521	0.883986804844214	0.752878991939461	0.942421705611456	0.830384085924635	0.821941241994207	0.820382432361419	0.720439054161327	0.830121412542704	0	0.905285709282855	0.909295283130261	0.911301698503085	0.975169778171129	0.855037354433419	0.831034623255804	0.913321165005399	0.972185710571022	0.993375370944497	0.99720303997218	0.999440494586503	0.950666110266619	0.895960500748377	0.975904712951993	0.925945166709243	0.88808217454403	0.994256705136792	0.946937624874504	0.927579582215012	0.986136809808678	0.992556467816362	0.992083325001256	0.999864370155532	0.97068482567797	0.982253497376829	0.994622329793503	0.935789363527975	0.998443488796759	0.959677283380542	0.944977567990572	0.933481389670478	0.973205690204353	0.934902757889846	0.983227091124762	0.995155920931119	0.995713696458261	0.976500026904709	0.911840700482347	0.898383641164749	0.899675751940417	0.89034633541375	0.997068787012098	0.897255676581895	0.993203374640652	0.940791780843134	0.85952991784203	0.638334292086887	0.837351769497915	0.806245420155354	0.842553667002259	0.852904074043151	0.950441979859469	0.837433897407379	0.812605186109235	0.816811198634906	0.569180826132231	0.945999423118302	0.878553955115946	0.84343550044591	0.957220319648949	0.999274407368896	0.821925933686185	0.932504909993647	0.950564763789173	0.996617286610411	0.998534077550203	0.963583684444273	0.999766319395113	0.992088471772769	0.9869996272075	0.997468877915623	0.9708172140312	0.99430115480275	0.974954673270923	0.956470012846333	0.995346791495732	0.953741168667973	0.999351161435654	0.956061834408012	0.998253513219048	0.995396307788117	0.987046154356813	0.997172071787737	0.983675283474208	0.992022448229193	0.91001878091915	0.991904673132455	0.99383914885489	0.961700148177898	0.99453645766629	0.992945960768457	0.999637632178472	0.999093378782374	0.997654301824759	0.919875644492517	0.909904358261926	0.874527514294075	0.964010806934764
0.947020358667215	0.884884066658684	0.894131148414556	0.87105009405207	0.874117288938144	0.968892488735335	0.943925858176267	0.962906684731604	0.948713783238663	0.849021015262956	0.780960153604753	0.903727761384205	0.858934847640676	0.818334267912737	0.905285709282855	0	0.902673748839711	0.798402551316739	0.85511066279534	0.968281282139758	0.911198469676493	0.796230373463182	0.894970177163048	0.975718555652703	0.994727910870607	0.99926236394374	0.874068537992251	0.998159687170292	0.981467009331732	0.993764029700523	0.914469885213024	0.886117502660691	0.845781699705804	0.95183238010544	0.99906744756734	0.990642443808292	0.998772189896158	0.977724539221091	0.995206726641886	0.925567427082133	0.995406579843702	0.999960349621367	0.996819889371623	0.966017321807999	0.99943842746806	0.993248928343374	0.969776776138928	0.986906870130013	0.955264735758323	0.989622909036061	0.996113785720949	0.980327734797725	0.983046168689911	0.986895283519558	0.95442886011105	0.860327784807605	0.965491082806836	0.868494923138706	0.92945945174085	0.872211643174332	0.82823680948583	0.961916380639481	0.948421786783423	0.957905272023193	0.958520746423865	0.914749431594771	0.875832425539195	0.86246874771513	0.829069284958223	0.855052865740002	0.84369593189713	0.80262230323194	0.746711180441551	0.758131206013224	0.887483693848261	0.898085149601874	0.932472755492074	0.948352744032544	0.820130727855854	0.953218804569319	0.9783445352152	0.988629678100285	0.995741259236387	0.974885260256378	0.903053386365365	0.999726883399084	0.983746362292358	0.999831776229869	0.991411696737663	0.94960875636118	0.940069716875639	0.969969880549244	0.987541180694007	0.99239848923008	0.985160026527429	0.993930322248212	0.943952599125897	0.998996203592872	0.999683914671197	0.999410994204461	0.997011996231381	0.95728347555429	0.995132884406555	0.989665610070254	0.979135123026054	0.992917381882427	0.999513286433012	0.998165776936353	0.971981774061822	0.915005682200337	0.978717509925725	0.966563148389699	0.8889444361653
0.982205182133251	0.953898564054075	0.939646574835592	0.95733889113428	0.928493803062125	0.952633651549706	0.899543636406454	0.956330782058301	0.93366298095945	0.948597167153765	0.905992788563084	0.879132228080362	0.906500893402563	0.933852841130209	0.909295283130261	0.902673748839711	0	0.931960473799137	0.971366642340337	0.848435347632549	0.936969989969362	0.862600196064289	0.964222441237296	0.985897135695688	0.99976770327131	0.997877401512122	0.976271813606546	0.985240998460076	0.981111673994214	0.956783989961918	0.901161858536355	0.994129418511126	0.895574192728893	0.961922697471818	0.99977796583467	0.975387927521219	0.994393724630239	0.984970286419656	0.998553110156736	0.991647725720468	0.997706146365672	0.999970022218913	0.95643590298346	0.999987381004188	0.987813279719739	0.997777092161118	0.984932917763695	0.99965500063108	0.988091862035458	0.992714540807791	0.999961996723884	0.995636002624179	0.986701092068436	0.960296611058197	0.941195952042359	0.971130347236765	0.998534673211888	0.975384013202278	0.965927758825016	0.944103413338614	0.916183998389413	0.968798383082704	0.943704325528295	0.945570351479742	0.963444948545636	0.945992944466128	0.872463241395424	0.911947792292723	0.939278341869982	0.977346993970953	0.940672405172128	0.968424538161127	0.864080672214452	0.91726039449437	0.977318221136978	0.954408704328434	0.979568493941598	0.998774571926288	0.897885006146287	0.998134269903314	0.989126639691554	0.999948671822425	0.999999720877144	0.999692566869477	0.976027871036322	0.998570232013273	0.994556094173768	0.998380670778674	0.995416833843024	0.987259886295032	0.993959002521393	0.965572167449764	0.992168669686324	0.982949393708728	0.965276772743405	0.999773609123393	0.928319454930881	0.99999895042727	0.991243855971439	0.994758324667232	0.999995784180043	0.989090637077891	0.99999946504616	0.999556382965409	0.973553392532727	0.99039168136876	0.99046019339036	0.990581776889639	0.994206713267188	0.968800412351146	0.990932554697899	0.940130371410316	0.923703740878757
0.935949296427547	0.861949951209837	0.906597553390022	0.939142200131496	0.948524218680996	0.99195423683414	0.930282094695387	0.915999791524447	0.932032838299798	0.922846293583546	0.75918144111741	0.959095256670125	0.884320336638211	0.594663925228213	0.911301698503085	0.798402551316739	0.931960473799137	0	0.676378214438725	0.956226153507257	0.861334640397922	0.738089718478061	0.617571051992875	0.899397144337624	0.981171544797603	0.974422861913562	0.882692864297187	0.998414675931389	0.993033847097357	0.99120774259407	0.969788712163796	0.978148376811744	0.977873731411299	0.992802081852208	0.995411581115965	0.991536239850244	0.998656632201523	0.998297919198509	0.986384248759616	0.992133495651777	0.990930207500767	0.993243242131311	0.970773277635305	0.951963196398932	0.994487442597654	0.97486500267872	0.99901701617934	0.974750272895796	0.937107495038527	0.963341683546182	0.968870198171141	0.987030034999725	0.99065583034924	0.999895276762572	0.953053809921459	0.828880909013016	0.932754233909208	0.833299645643386	0.910451731927293	0.891956764854408	0.875803872981296	0.984069564737348	0.959048750242462	0.95931358189644	0.93369770436342	0.93384130382447	0.885832268064292	0.772660080743794	0.740686180189388	0.777172762750488	0.821488452108066	0.795627278762339	0.77629026075501	0.608635054407928	0.955770688996835	0.774086210513475	0.847254596089058	0.844649200111673	0.720314430736885	0.891721854123375	0.999770379924348	0.985030449054385	0.985974707853843	0.957270816934042	0.949480568775531	0.999970831866473	0.983355866207521	0.997005731486926	0.971849359538328	0.964907971696051	0.954020837631167	0.999999314006251	0.999011039861683	0.993930346153904	0.998044714542931	0.970917634524863	0.98070261906903	0.99651433041405	0.996154955773859	0.990612371034281	0.979086440555954	0.962638518272021	0.987839805174079	0.991284540702997	0.989001638044473	0.999636258657526	0.998756820289952	0.97304352179684	0.987994538233152	0.870517288940268	0.999037703799306	0.977375151501622	0.903495067470816
0.952023897556081	0.830595566162677	0.943544704560336	0.919817357795342	0.957116432485251	0.995485810787515	0.914642162298311	0.922012944412412	0.96601906591514	0.900369583768389	0.834043664765565	0.991193893412937	0.962188629406555	0.835145424759019	0.975169778171129	0.85511066279534	0.971366642340337	0.676378214438725	0	0.969211727868677	0.908755317871434	0.754176707619191	0.839387031874825	0.97996279428271	0.957755025929364	0.938294769770384	0.867920773625892	0.995698610717237	0.977486495540582	0.998147792960756	0.977763589058181	0.998122167506731	0.93342802384844	0.992302653690943	0.999967837111615	0.954841022897729	0.983402596103405	0.992854713774362	0.951412711040653	0.972419847151796	0.999944859056938	0.984165503754475	0.996238783959124	0.901663569304641	0.974222510228361	0.944282309054609	0.996503129348568	0.989496244580929	0.926324682944716	0.961898028339474	0.980166898229861	0.999953411069819	0.996725675674603	0.99505987005316	0.98857957749471	0.793648898262194	0.975324007796044	0.854409626525179	0.956491570952761	0.929008989062064	0.890733667962617	0.981632449801187	0.952839341548071	0.933670930539355	0.933659899736463	0.903309342407642	0.883238281850834	0.919372522355115	0.901140333597915	0.911159339760692	0.911020994143707	0.897459165629847	0.819133230866737	0.772176568207399	0.900857051548032	0.676639695886874	0.919850090317042	0.980546238135833	0.809735925785671	0.961221492648933	0.999974766177521	0.981263517709213	0.952500725391248	0.928052049448296	0.928764434839677	0.998742928140115	0.993802183194214	0.998534113641779	0.998599725085421	0.98556338835649	0.991447838412214	0.997588085813835	0.99999998106956	0.98814136871581	0.977141455604912	0.955025999017412	0.99929475666187	0.999756554943848	0.990612142914432	0.999998385227902	0.979017850336071	0.931448530675104	0.987145445970583	0.961094563351435	0.994005096796451	0.995422982890854	0.998437885742692	0.989147768210529	0.99856712838816	0.969469321522327	0.998834232637166	0.997944844709038	0.86792822503779
