0	0.672048006754383	0.790137791110062	0.797872068784452	0.812472322835001	0.774985590111213	0.839265051516748	0.80256072202035	0.870879712346068	0.746272669027545	0.824499904562822	0.776078217416478	0.790577701154509	0.882436018630017	0.827427577663332	0.851906898195807	0.948918791085608	0.84177402420764	0.795241732894088	0.871061984292325	0.822606688639295	0.817805914651144	0.858576699516943	0.932900446056088	0.922133997108297	0.967520839767861	0.871003509269164	0.885657637894533	0.882064770170796	0.670423887860321	0.837533030390923	0.918866172621721	0.803301126118049	0.933167238887485	0.997698491912908	0.926900265182854	0.895337564889269	0.990246422657041	0.951154997814888	0.908229285483807	0.900854017641895	0.79930517450272	0.879484036223969	0.83542815599079	0.884831784397609	0.915770258294059	0.942681715813926	0.914895003095027	0.919954885469057	0.991988163426594	0.952937708522881	0.888535745270868	0.932526741412467	0.902044098854187	0.821476617371175	0.813699081090738	0.841179063522302	0.646306671038735	0.853830039954635	0.735807284469368	0.815063931907932	0.8628101868227	0.879323968007191	0.795419038825186	0.978756557940585	0.796584523954135	0.619199330607841	0.753504722206696	0.846569015899472	0.842857941114294	0.867170268033577	0.894769401875975	0.940932347554514	0.832125894514022	0.953409127710483	0.900613335065523	0.920299877864879	0.74366040691617	0.857129722148082	0.895074157442932	0.974378790656248	0.939620377819885	0.872822989043538	0.935707712146022	0.935921298432889	0.998882082779074	0.892095941590527	0.927276719183242	0.923938940434048	0.888287123747239	0.917838436668191	0.873808728826007	0.997200091125377	0.911746036467828	0.889242398047577	0.919694903192414	0.966244456929841	0.8846970932912	0.844707936723388	0.952625773907156	0.895558321254835	0.926250231756904	0.920344191765996	0.919815917959199	0.954520277217333	0.936838876478425	0.905276644496639	0.989697267802419	0.965734373090292	0.794690886732839	0.81783186108414	0.776825972729186	0.84509269894075
0.672048006754383	0	0.515072470281499	0.490513027640463	0.583532954693599	0.837642607050779	0.869028831705678	0.847680017683043	0.965559020137494	0.758340307347336	0.646173511160433	0.791458333694925	0.713729535920002	0.733874301842326	0.808623118628294	0.661514881126739	0.959970422470296	0.89227689480834	0.831040822101084	0.910361918708543	0.827080659086397	0.899782797173753	0.856026707736305	0.956956668454452	0.948739667699674	0.93320195708594	0.89662161603475	0.952155474391255	0.799635724597478	0.817793921633701	0.810026333090023	0.878179955199729	0.775839719107318	0.939486929661199	0.981737621389429	0.883566117727361	0.869533682416347	0.969884734092716	0.92008610669967	0.886344501558972	0.93058553099124	0.765641169941503	0.860112634869827	0.830205324303455	0.857713383495304	0.886403469821963	0.894403915662275	0.902518741612825	0.903019166067281	0.975100045257853	0.881959566392431	0.868875606078372	0.943374806622912	0.858394808535503	0.788847163487507	0.819723917950598	0.812569623692932	0.42592992670419	0.57277457346204	0.5071231950099	0.531759408447159	0.88960150571994	0.907000782146271	0.850625422314112	0.999955094930697	0.779807315789217	0.676971011479545	0.611209058548565	0.788922994946898	0.921397670305522	0.793741358969647	0.728964323197927	0.956055581315106	0.879619575277468	0.932836510895406	0.945430302270855	0.933033841566642	0.826786104131841	0.931329563825938	0.853348215644603	0.964109205089867	0.944331864637944	0.867220022835477	0.942638874011827	0.965836470219055	0.994580886260588	0.944847254331702	0.856413033099216	0.894940762250413	0.880225104718112	0.897565842793995	0.834705800307117	0.961041478503624	0.871676294787407	0.880402208602932	0.909158501052663	0.94595234517178	0.925598207416975	0.831768578671495	0.892355595463105	0.859848514562525	0.927381033478158	0.915161830571695	0.902504906565858	0.903173307766655	0.919595670136778	0.889641045766441	0.97485467938183	0.928140542595215	0.764969284086179	0.7588528050665	0.769061043507242	0.8325057477422
0.790137791110062	0.515072470281499	0	0.356032844030494	0.444660326605501	0.814420451860979	0.914978687055003	0.862216517981679	0.942509031337633	0.762124426788552	0.636966532978088	0.747919749443962	0.707141212485719	0.694706239342366	0.787305832559553	0.652309449151501	0.921341172833039	0.849037522816059	0.807116143730356	0.853851022189684	0.773146435529438	0.882965222812726	0.851838938870556	0.935274912861312	0.925984802146599	0.928439650481062	0.894251111449516	0.950781623955316	0.842064708186171	0.876884846135483	0.813385710340038	0.888294000038029	0.726757545635981	0.921077784082948	0.965613003245495	0.902934752629849	0.894057680816481	0.97955991543109	0.921844343766464	0.915706603557548	0.933192008226539	0.765067152345814	0.854318963997918	0.834383006938082	0.878792995805554	0.90331881467981	0.918783173731054	0.901514364128111	0.895793381824403	0.970054565632734	0.90056530681005	0.844410594254019	0.897498642527353	0.840722559955858	0.703202854386276	0.802965732670808	0.842668508052905	0.522172002384294	0.354766056173321	0.416803995439312	0.384925471270844	0.852551678568589	0.941863015611415	0.849593763974165	0.99903632978926	0.78300569739508	0.713520248408657	0.5742589402683	0.793843183314789	0.882716257456082	0.773307874981642	0.714299312258113	0.923776738583069	0.847310701078031	0.934158125441667	0.939558956211266	0.896808614645747	0.811961022046602	0.909624169648164	0.814601606790141	0.972646991730868	0.936183046076805	0.842128916552169	0.911446130988644	0.948770730041139	0.995486259483771	0.946441926101003	0.886106658438871	0.931957250472779	0.892540507848979	0.906858430413447	0.815664384294081	0.936450399552347	0.908053513726145	0.899560028142322	0.909275036791651	0.953075971638977	0.912433007538089	0.840507416331514	0.899649708029996	0.875409310941677	0.925830891664399	0.91008764588211	0.910018820290888	0.916220431558001	0.910854075858329	0.87148127021912	0.96405797528244	0.91093296516098	0.743257358464066	0.726044487137123	0.727549400645458	0.817251003814491
0.797872068784452	0.490513027640463	0.356032844030494	0	0.402604520689771	0.879602480954373	0.912097398540126	0.878808477446449	0.965003049886542	0.813020243901017	0.652873168359773	0.806603213605434	0.752073388340805	0.700930383576788	0.813055688169544	0.701722009962738	0.957851692733684	0.886026989449562	0.856245193236286	0.893108716155415	0.81171382596364	0.918867647443096	0.898254501349487	0.971052191862482	0.956343146323652	0.943274414258815	0.926217399340993	0.962193059323196	0.890589793011235	0.900773850473221	0.856712976882263	0.906616685717316	0.778766447408678	0.93651896333589	0.976385858165752	0.915604552480162	0.932945771374453	0.989601472466422	0.955326380645034	0.951694008230735	0.963365645914041	0.795787046971268	0.870231294743536	0.829289420571348	0.902208539204448	0.917360384613208	0.935364453405287	0.937518043826378	0.913276651699037	0.982962907204497	0.915854900499955	0.888906763079379	0.923316406597392	0.844132676716925	0.702393809554541	0.859441695794546	0.834236501046478	0.531368875628246	0.455543923909136	0.38240501724108	0.398237457836591	0.910322037399402	0.946102157827075	0.876594025514198	0.999292754420645	0.833407317372536	0.74210738982953	0.611438104276556	0.847054166800515	0.913265091638182	0.833775747224134	0.761433283480205	0.954569925853278	0.875450328595899	0.950565865863026	0.959643800091375	0.903630606842466	0.834846759988966	0.947657984491143	0.836003240025005	0.979650104580661	0.96388649588479	0.857364923774948	0.939986985118199	0.97443416767623	0.998935809546528	0.953720633663948	0.924312177426231	0.945406235237428	0.935282821032289	0.912214913358924	0.864781706743072	0.948041825705726	0.934780827868632	0.92488717569734	0.935175490630943	0.966602240223774	0.945849388097324	0.858931461057052	0.924195686906211	0.893949820424988	0.942374622782311	0.932416988890619	0.926373193228389	0.925700172855885	0.939978534404936	0.919611103258838	0.975589807887729	0.939562504264479	0.745497849885487	0.729505056003456	0.722483306331682	0.87290161427421
0.812472322835001	0.583532954693599	0.444660326605501	0.402604520689771	0	0.888286344681757	0.869591922568026	0.847215711792963	0.968105233182244	0.842233623799554	0.717928442607582	0.835116992560298	0.784505406016593	0.74732169741583	0.827453385106047	0.724758362206794	0.949762108795445	0.846863135886784	0.853987262852531	0.885795633433675	0.812181775697073	0.901459581062254	0.90318976417845	0.968146535451904	0.959660915498327	0.959173278646279	0.950853001111727	0.968004096388681	0.938498458837249	0.92935348335356	0.903986148426264	0.925062671163449	0.788897929275577	0.930796981537777	0.993814861328014	0.957270413973632	0.964826383769344	0.99954672843142	0.978861142424534	0.979691051868233	0.987928346590841	0.861080627542645	0.90061918258313	0.86681743327735	0.943142782009264	0.96138741491648	0.975076080273523	0.971511034429843	0.926902018848332	0.992813852212176	0.963689150490943	0.920452652845691	0.948433057315715	0.921737767925355	0.75710150991581	0.875034142204389	0.827821601443102	0.572215070293322	0.520785572974473	0.454757729290448	0.250700472965562	0.91873877834037	0.90810686158791	0.857833472665111	0.993434056885987	0.845867239832188	0.76463565556399	0.635629377215945	0.886133975647433	0.913296757402203	0.871515769059082	0.768317511068663	0.952801703800953	0.857654316889878	0.937253194089401	0.94804656372236	0.87148097669109	0.82653128029772	0.937576448723013	0.880865853188746	0.973266922830421	0.976776197421984	0.865396138174918	0.948810565401647	0.985604689905398	0.999933112686864	0.977742045072199	0.967667507502382	0.97487055005421	0.972326628850238	0.949980474982507	0.90929099161444	0.971832082775519	0.972263507187184	0.967772700791002	0.972393961070311	0.985793666269327	0.969745094393567	0.923934936511145	0.963525922967756	0.928837926452136	0.978541958123926	0.96403242496869	0.96629413052102	0.968223796369284	0.97377710086917	0.943672595499282	0.985179653024244	0.949393744610937	0.800689250797973	0.820763216207456	0.781444491113254	0.896997953110846
0.774985590111213	0.837642607050779	0.814420451860979	0.879602480954373	0.888286344681757	0	0.795883317435616	0.66695021314366	0.772586915742495	0.548625618406843	0.812940159022025	0.671396458626169	0.759201150599207	0.806416367481807	0.783806648240144	0.744573200740687	0.799060974003236	0.684633716342847	0.501987685873782	0.665932529322574	0.618677631130327	0.516543060982429	0.681912977313727	0.653429859137888	0.693420171536107	0.890757324719239	0.636356931837233	0.865960181121224	0.818237432229415	0.857462583400455	0.800235468921639	0.872056828387821	0.68736956704724	0.795234981875612	0.992246627109634	0.847889672229923	0.818498406113697	0.927731926512341	0.795127692338043	0.810434266262052	0.829104999526802	0.703843632840598	0.751077522372114	0.841011290737708	0.788580568856613	0.891745298771912	0.841877758221374	0.829747307754711	0.830513349453538	0.889714255694423	0.843426807567688	0.709696819099471	0.847598957911928	0.856098333672478	0.871240285319883	0.620067640616842	0.859901403910777	0.795904222481601	0.846560717525647	0.845844507532704	0.868309432090006	0.504612106092768	0.830811682125669	0.603340465916172	0.96218332573823	0.58199243609577	0.784479963527067	0.774992156183806	0.820102957993142	0.829738185874664	0.731753656126173	0.736615389489049	0.747664688310973	0.672815659447437	0.778413507637734	0.643682637038297	0.756177181835964	0.68850427879355	0.597563878273401	0.81418756882277	0.907809895454744	0.754637349999992	0.721037232705354	0.713979167734095	0.724261927140571	0.95498125416745	0.907030377852133	0.879813906471641	0.939838144717707	0.776643069025715	0.888749919338134	0.76260988417212	0.983358153744398	0.882118894423981	0.849622856336741	0.801223728577153	0.826653334444482	0.768258497074648	0.82373367613515	0.796870372709816	0.856818394542409	0.907633659292064	0.795942935884393	0.892856387364054	0.811329256215938	0.881014009527297	0.865321027529771	0.896261762837993	0.84439468517797	0.863997575359967	0.870308957959148	0.863686146145212	0.675304213899139
0.839265051516748	0.869028831705678	0.914978687055003	0.912097398540126	0.869591922568026	0.795883317435616	0	0.454628191044877	0.892440079890474	0.699270122434841	0.903773586894785	0.866058291884578	0.871732115151916	0.866012245933295	0.849874097019936	0.868546548035445	0.887954145769417	0.769574873931962	0.708082828993772	0.803511649947679	0.838910697221463	0.75806750853562	0.887432408195278	0.868367550695827	0.864287113262089	0.95415686916024	0.833510978796881	0.945306146763814	0.940420035090221	0.908395934038172	0.889986470471304	0.90430213905736	0.805547451808808	0.846518173483922	0.99971063031873	0.965283187702985	0.949015717367027	0.974113711483985	0.948626706373633	0.939144092548521	0.935782850098939	0.859750304275424	0.863915416066725	0.92620089247038	0.895931920355628	0.975855382975151	0.956094475316299	0.962393744501776	0.947920199411732	0.981442718217481	0.963239903458874	0.89564398306619	0.93032567993022	0.95137314395144	0.93230492363222	0.749383033701583	0.89432003680211	0.87573844812054	0.922779305702352	0.89268570790405	0.885792893904875	0.838974089672043	0.249651246157425	0.57087676470555	0.971655407564508	0.724368955734854	0.870299114505853	0.853345801860684	0.895881296453038	0.917738703951008	0.868141957159154	0.850922554724475	0.893020202680376	0.763826665665247	0.80044226059306	0.694796816388576	0.788431000446685	0.779409104184847	0.754044844428188	0.909311413565146	0.942568033142393	0.896082474190988	0.806844062241843	0.850778481937656	0.89547579993725	0.990265546650611	0.963964095895059	0.978794238189303	0.945071836565462	0.909921706890281	0.937742119216232	0.858640126400676	0.992432466411438	0.953460634965645	0.955573164053417	0.933111719745848	0.920380932364282	0.925122970445463	0.931949695494795	0.910905859925722	0.958000525157899	0.981054598220088	0.932700702171959	0.971379952027818	0.945732393760871	0.982309307653323	0.978147710352366	0.98738635516007	0.959238682655931	0.912924672290847	0.942119708175322	0.957518885595653	0.810008329737395
0.80256072202035	0.847680017683043	0.862216517981679	0.878808477446449	0.847215711792963	0.66695021314366	0.454628191044877	0	0.792161686980933	0.549182067246365	0.860596699308177	0.805413251173106	0.84723815621769	0.819528238364431	0.82370849030853	0.820811046709462	0.86209650871998	0.658175575292091	0.572096266047819	0.619629755987435	0.731751221652048	0.613857750915615	0.847175803655753	0.785557441589382	0.77374278530618	0.954941622447642	0.748246132251648	0.90412600354241	0.905954457528951	0.883685934711893	0.868867707080416	0.897632536375822	0.727727884581214	0.785975151200787	0.995445666022709	0.932685043616321	0.930944701084099	0.970604229517255	0.90785049982528	0.920957382086207	0.922819742258545	0.82098374484552	0.842245236797489	0.88425603793117	0.856283537177795	0.955596871481558	0.906734810319749	0.922416503843826	0.904267175933917	0.95725325025041	0.946687618628556	0.812145753050701	0.907817533458694	0.921276484467046	0.883466949349274	0.63689455075321	0.865668214117187	0.836170865745999	0.874739947869722	0.856204716808998	0.860958047435681	0.755072094365363	0.527357844280514	0.39689161335041	0.941029584041321	0.606838021280821	0.797533220541447	0.81072674154043	0.886185310163841	0.892924558807967	0.835823977575496	0.804714463437727	0.842168109534559	0.666467576581561	0.724229391953974	0.606603716618879	0.650226750528772	0.612789098237343	0.657683896089937	0.87736948841142	0.942813310266408	0.871241880112403	0.732325929491251	0.766446385372987	0.850578323873675	0.971995832246212	0.93980657720507	0.965041418264179	0.940327558736886	0.887005531688223	0.937880164413988	0.797743323006879	0.983399631041867	0.945726658850973	0.935820316192504	0.908109076774686	0.90057444081669	0.889881328216643	0.919095278794828	0.877070101067277	0.92781196020667	0.963111132587648	0.901574389088063	0.953374278485336	0.89260853610119	0.962172689220832	0.951316367549261	0.964884280151996	0.91609568498372	0.890864266902329	0.909794361380706	0.927299355390323	0.7211827218234
0.870879712346068	0.965559020137494	0.942509031337633	0.965003049886542	0.968105233182244	0.772586915742495	0.892440079890474	0.792161686980933	0	0.797950130219246	0.934522713197327	0.881190766265397	0.926211043805154	0.949002124189719	0.906711386953603	0.918074771652026	0.906237945003451	0.872045390972328	0.827101640922745	0.834076948533809	0.855712669456331	0.789033681668935	0.913408242487148	0.866473460925535	0.861875143653585	0.97734755414314	0.814147576154813	0.879286177460345	0.969087849848612	0.931875559119454	0.955581777442454	0.97434362196163	0.900033721963584	0.906438520633459	0.983881239585524	0.973977973086656	0.964420410469705	0.998429692539159	0.933794894326474	0.971815688139664	0.94280057993513	0.921205742326387	0.924197408991801	0.946888431409644	0.93965900700268	0.961560044453565	0.932862207197423	0.926829319825281	0.93349903014654	0.958485936817533	0.970197931791269	0.890447797319017	0.949832374983963	0.933806179312602	0.933382568859814	0.836924327764447	0.981114767791183	0.95883735039372	0.973289997201585	0.960661387194426	0.970647169332308	0.848485718935083	0.91369110247845	0.767818153954845	0.886071072862801	0.878571878246461	0.915600897969916	0.936648898848915	0.949477470791042	0.896434819136356	0.918662438394965	0.928014591107832	0.90873442161673	0.881381712505522	0.918267222964679	0.845284816485615	0.856298871386563	0.761659520850242	0.787038667346836	0.957095697086017	0.973180433979635	0.933535092764935	0.884322236293875	0.853515221903493	0.853682203682894	0.953806143927232	0.938326885525742	0.969393003167288	0.994764738549451	0.932713279189344	0.96410254194907	0.93044457238766	0.993017424451927	0.985594444080947	0.958498355093843	0.941002087352241	0.962121834622888	0.888476082121132	0.950194229668991	0.964705030281655	0.925145040098575	0.955237838866042	0.9047618105207	0.959054583909301	0.94541867747008	0.968570851565485	0.904833585100734	0.976403594726175	0.932761075825367	0.961563835848647	0.9602722343607	0.945495656263339	0.881126776844401
0.746272669027545	0.758340307347336	0.762124426788552	0.813020243901017	0.842233623799554	0.548625618406843	0.699270122434841	0.549182067246365	0.797950130219246	0	0.75631136523058	0.714675576376141	0.77946354856789	0.77361184697728	0.794172488205272	0.734022694838638	0.84369501949088	0.72050564678954	0.572070736918493	0.662463643207992	0.666736598123397	0.66184356727369	0.75165670850774	0.764376536567797	0.747727917112693	0.900381626409697	0.614600243983554	0.906864193620827	0.75777707391384	0.838649161486735	0.759761497020699	0.824134606414284	0.687607220514423	0.810146070130692	0.96278605569928	0.814586235120485	0.751159909326596	0.928280589107291	0.819124203341982	0.753078237430399	0.779899574815069	0.640028491471715	0.695212011868356	0.817928894513844	0.715329937694542	0.870964011386304	0.761558013103021	0.817140226642059	0.850625120403365	0.909492562520337	0.81514370376465	0.719913856279377	0.845668666901752	0.804760849780451	0.80418953000163	0.573717339922835	0.85953199026435	0.759001856970538	0.810468496400937	0.807415768316862	0.826728801723348	0.658131188231564	0.762882474913402	0.525078388769446	0.980060672193449	0.388698251100937	0.733319016415459	0.730327528667912	0.780663515683468	0.854973055694314	0.732807994906421	0.696960847014769	0.797270732690794	0.711389601664913	0.772307107977099	0.663899147609317	0.739951793895312	0.603842990094853	0.656354087034607	0.823271568277179	0.937918868314281	0.803872610816916	0.735888468622179	0.748828369494943	0.773991630854613	0.964542953283875	0.912514920431818	0.863478113985787	0.858728220494121	0.750913188052356	0.861436091575661	0.691169259198552	0.948037326630552	0.819777592874289	0.825658394024039	0.792089236456738	0.803922388479435	0.804178135028972	0.814195376547288	0.780158522820273	0.840908549450289	0.899461282430359	0.773996655766626	0.880325531936274	0.759731708011073	0.897995436051551	0.891982519569508	0.927964858148965	0.867272804735359	0.825603659287046	0.83126302539923	0.866970295167093	0.62935899173652
0.824499904562822	0.646173511160433	0.636966532978088	0.652873168359773	0.717928442607582	0.812940159022025	0.903773586894785	0.860596699308177	0.934522713197327	0.75631136523058	0	0.541631971385073	0.538024337410716	0.574411140947306	0.596876120992055	0.533094992279137	0.900337650264639	0.813695661753511	0.794165779892575	0.833996496426247	0.709208322101507	0.881144248883963	0.876086012736769	0.939542477858939	0.931180753876014	0.916980007696013	0.857325141822197	0.955584868502678	0.824704469439983	0.848605183162615	0.803867168930184	0.869760325453168	0.71260383372085	0.882397070066885	0.966017591918796	0.863283881065517	0.919078073602345	0.981774378469469	0.935819818507838	0.885953958713864	0.961564612658807	0.749043646565794	0.839084633744812	0.77255596303827	0.856750973126113	0.874507330223838	0.869358190653866	0.917785812880802	0.873822030134941	0.955987572416607	0.857507754717687	0.842703752364371	0.750224246516252	0.822008473858943	0.736005240464736	0.835761411931559	0.850203062939175	0.652893323353416	0.664537678289068	0.685526378688382	0.690421169295593	0.818583873578112	0.940499010417668	0.809583675062233	0.995821327273839	0.773092196694013	0.633079558285304	0.468390094621136	0.654956840570268	0.721847776884963	0.607945152805737	0.655321992507124	0.847229936975713	0.786570979911837	0.899729589560794	0.919984911858062	0.883161159321287	0.805885162136887	0.893727880077208	0.776901390199756	0.970339478518453	0.921578004404355	0.786649803293013	0.910167188969909	0.943391414178327	0.983317751854858	0.911380737370602	0.86025018580316	0.927034308517284	0.866751933286507	0.878890358409617	0.795469451657471	0.964756185072283	0.900790622039211	0.877717757804944	0.889161228401999	0.915944082847454	0.922289734011814	0.780360485586278	0.846239613719947	0.864309016719324	0.90927162547681	0.867669035456985	0.893410239231716	0.886709867225833	0.914025453821897	0.881338099281585	0.96076976806521	0.918842312239063	0.665981465939368	0.722548084335741	0.829892149865515	0.837994773303575
0.776078217416478	0.791458333694925	0.747919749443962	0.806603213605434	0.835116992560298	0.671396458626169	0.866058291884578	0.805413251173106	0.881190766265397	0.714675576376141	0.541631971385073	0	0.487943802854722	0.616575240606187	0.453320660294579	0.6103173679917	0.853458150608878	0.672837647029048	0.647208478278938	0.696188201938505	0.588839145319376	0.754017065780536	0.801833461208215	0.838088598061049	0.826448391823202	0.890386683848412	0.770727605668776	0.934549442947376	0.854893190553416	0.796653454172404	0.750829980545844	0.852774226760632	0.615040361169205	0.800730864880875	0.984280226718796	0.886677432079581	0.911440423989059	0.972396985403804	0.91897559245912	0.845611515001689	0.909115984214535	0.724123781316649	0.828778820337014	0.781594191681874	0.842958506838986	0.896297160458821	0.897754805413942	0.916596661900635	0.861515266829291	0.955838916016052	0.883634337740122	0.799960891270537	0.607883884670921	0.84137016015068	0.793635735691595	0.805585489467185	0.810731262468416	0.728668993056528	0.780603820055578	0.780406280951423	0.819368884808541	0.697272396607805	0.898358144956035	0.740867417419253	0.99048334123148	0.720530907452874	0.629404065903975	0.540950338923196	0.668086448172921	0.544348731139422	0.536111135002312	0.690751114688999	0.731129347941426	0.614410152702631	0.850959761844955	0.838232643644765	0.830543668247241	0.77886753419029	0.778517443630101	0.719597064343203	0.947627850571479	0.834653225106578	0.705278272805488	0.813408424367655	0.849575735394051	0.97365668669855	0.903340311588805	0.894528271012705	0.943286869420848	0.838015750412478	0.846598032583734	0.784540625263716	0.992281572931261	0.934285979332198	0.882945297720305	0.849010542052402	0.880518615081886	0.85338958784076	0.744588884345489	0.849961254534579	0.90407804096126	0.91763692045467	0.824595763176141	0.899649007009297	0.894946143691262	0.917816847692127	0.91194479255396	0.95959124801795	0.918258340101977	0.702840833388478	0.777597075587365	0.849041303578126	0.8236239346952
0.790577701154509	0.713729535920002	0.707141212485719	0.752073388340805	0.784505406016593	0.759201150599207	0.871732115151916	0.84723815621769	0.926211043805154	0.77946354856789	0.538024337410716	0.487943802854722	0	0.559617184569394	0.463317694653671	0.550217273147834	0.863760253670318	0.803317747291425	0.739713363699562	0.83658584561422	0.749795188716771	0.850027795900694	0.831505863925396	0.90390131474086	0.908877360648065	0.918924604594341	0.84135121276731	0.950673759889202	0.816895180436059	0.734902143096528	0.666053071690961	0.749617673348355	0.637829811173969	0.881866032469633	0.973317976361189	0.898793785959515	0.897040952173841	0.936197949503891	0.92174281038458	0.852552411185661	0.919010146611222	0.716573959462943	0.80954066053496	0.796055053193753	0.804130338072428	0.899454985600536	0.912101513964512	0.925647984323129	0.898507131462552	0.966065584438341	0.856166307342033	0.841408259312117	0.651474099445571	0.851755254871877	0.782055899269498	0.825270028091686	0.775808503387085	0.666030316701721	0.729380562560835	0.718578017236263	0.756911345777674	0.798429904358861	0.9033979545009	0.820387328601588	0.999827413521572	0.755426548326875	0.581423277732391	0.512346538450306	0.470502732972974	0.712132138254704	0.487052858428647	0.664837913814907	0.817375876861374	0.765175206712809	0.911906596419637	0.891547152292649	0.899250555700504	0.848322732813467	0.858470577446814	0.684160214562994	0.956320575179274	0.864713027167095	0.777855374281064	0.898137301166354	0.918283826465112	0.981746476180057	0.911743769217802	0.85451874393856	0.883723881166536	0.776368210913683	0.781617830030875	0.741391342308208	0.975119319202422	0.892432051956078	0.854825815184633	0.840907674531183	0.887070640971584	0.870042592421215	0.703555446557224	0.872484295694575	0.91933607305723	0.909120354821742	0.850574649147652	0.900159823560468	0.922015733580817	0.916590463927247	0.896050033323754	0.974248330285927	0.944993613858839	0.67217683959678	0.754268059578087	0.86025264827179	0.830784472012895
0.882436018630017	0.733874301842326	0.694706239342366	0.700930383576788	0.74732169741583	0.806416367481807	0.866012245933295	0.819528238364431	0.949002124189719	0.77361184697728	0.574411140947306	0.616575240606187	0.559617184569394	0	0.565286318935331	0.544540237569333	0.871269292755742	0.747101610452409	0.718337037407608	0.781812133563909	0.72854522740982	0.878161108225652	0.801774956922285	0.85936281978551	0.895470093910157	0.866172707636811	0.830339473906407	0.979911223272341	0.841653495111359	0.894083355173291	0.735163811420673	0.748807420876041	0.613114472202428	0.84036365226915	0.976979707711499	0.911262675852534	0.916097081603136	0.933483892990428	0.898104902049346	0.877786248961403	0.945512762809647	0.755237860158115	0.824434171507928	0.821058229242996	0.836137810254943	0.917066862730812	0.918068067708672	0.934353897484745	0.888198912723688	0.956670787427572	0.877238103686802	0.825853633984471	0.728529247801846	0.862805429230917	0.804403960149204	0.785579992596116	0.829130563591913	0.695105818360788	0.706178751250875	0.718221797440579	0.705932843317857	0.782028483780398	0.90351250137369	0.796515469687813	0.999160417554007	0.739703193859773	0.735305630029725	0.529681808551901	0.668947153447378	0.791771211273669	0.548068438131458	0.575850464769556	0.810842406057737	0.709782277767613	0.838434927374535	0.862075525319728	0.85892241326478	0.852483103474188	0.869349430219788	0.684369156570039	0.951547723691329	0.860815523910032	0.781321689119764	0.838518574489877	0.927256331316141	0.977464020642447	0.955188482601845	0.891794355043022	0.915107420515154	0.867270097842791	0.835198608146511	0.756896211887231	0.952958352629013	0.930736414961684	0.926267206854433	0.879371596701808	0.886442921361995	0.905838282937071	0.813575471554057	0.861240103259493	0.928102292014992	0.956674162631707	0.883307047908171	0.931812072993652	0.914358098884863	0.953510461387258	0.949180376943298	0.97403650617787	0.926966583597168	0.705583457390908	0.814045236700767	0.886013368713917	0.824412059114776
0.827427577663332	0.808623118628294	0.787305832559553	0.813055688169544	0.827453385106047	0.783806648240144	0.849874097019936	0.82370849030853	0.906711386953603	0.794172488205272	0.596876120992055	0.453320660294579	0.463317694653671	0.565286318935331	0	0.632179343221042	0.793500553597748	0.609884054836953	0.651114158952493	0.766768714507368	0.672556306946076	0.830062179308035	0.818662305524677	0.829934777448398	0.863179679825714	0.880597416295893	0.800427929116694	0.974529168499861	0.922284251197772	0.856880885792607	0.70642316725428	0.772812560973814	0.579454407160073	0.729551905021888	0.982860998927586	0.935645817123845	0.949937276830813	0.956828063198776	0.959265413894043	0.869366665938351	0.93359225747828	0.801744439258025	0.838116590044037	0.867148867558773	0.897605378320902	0.968852012622764	0.968535650678498	0.977270656645541	0.931669348714756	0.987233287941894	0.914920548813588	0.871135231110523	0.554731817435459	0.927145264581435	0.861821971285409	0.837371677564766	0.810405143152017	0.737762993050911	0.809174689791387	0.794589027817649	0.817200109066973	0.74998568442539	0.884075997794256	0.770763633062731	0.994904225551492	0.794089877105835	0.699656866023347	0.642744524905834	0.630624210489428	0.623069643904509	0.449061417609394	0.701920299159475	0.741392735085428	0.601488476724037	0.853573120347047	0.82308038475415	0.865723854516714	0.835484503259393	0.787344492194481	0.744817704698568	0.923116677068428	0.790539067976616	0.711679962840195	0.777128602587306	0.861038025893872	0.981222801607585	0.947967084829125	0.943290347981377	0.932212397670921	0.823677376740749	0.816940504954581	0.800858115888374	0.992422472490911	0.953639883993997	0.933048080500783	0.878560195938702	0.861092913500928	0.897431353464573	0.791836676766049	0.892240159716027	0.965392571665484	0.975546461853534	0.853572893682164	0.968339434368202	0.955153434221852	0.973507993698589	0.970612909633031	0.99041101917435	0.956412305855804	0.791356644238043	0.875564076087748	0.924326949461594	0.854106416093064
0.851906898195807	0.661514881126739	0.652309449151501	0.701722009962738	0.724758362206794	0.744573200740687	0.868546548035445	0.820811046709462	0.918074771652026	0.734022694838638	0.533094992279137	0.6103173679917	0.550217273147834	0.544540237569333	0.632179343221042	0	0.875584628127837	0.802675926682234	0.74803388712862	0.823134493673956	0.701886180270474	0.838329293668439	0.829428505638155	0.878666685655747	0.902323416940251	0.887713776617604	0.82542518817362	0.975530518463405	0.813663988811449	0.892665797542103	0.808375964846607	0.80995188897352	0.65684357065337	0.868981540709472	0.958486617835443	0.888165803060621	0.91493231914107	0.960291714316723	0.905452364718492	0.874746635792445	0.946947168532263	0.78233900610396	0.820005559282199	0.831665669673038	0.836625891337985	0.911631083201638	0.877792710548676	0.914954384016016	0.876320609671297	0.927406439356778	0.847864709096161	0.809622732369604	0.792640528707211	0.85404636493238	0.814914711073306	0.797079965576086	0.862647139717999	0.688185642424405	0.708922788713231	0.714666928917019	0.693012045502014	0.766692356681988	0.905773342348696	0.792984932655089	0.999041886040552	0.736224353809193	0.721328451925423	0.50430096920203	0.669596638538758	0.79430789244489	0.569003761969869	0.437054706222468	0.807624838006136	0.757100908034773	0.838776420981486	0.873202938323881	0.866303490178573	0.837903596013912	0.850536869096181	0.73336107533839	0.934736963541688	0.87046639270285	0.794841564766933	0.864935193753849	0.92327936288065	0.964376856821792	0.943706167806556	0.849246719031692	0.926212780506476	0.848773016920552	0.856830951954752	0.744071932384659	0.95373970153923	0.905955973983565	0.888268593365324	0.857240155942874	0.891308015338926	0.871411628142659	0.820312247060392	0.852055305133365	0.887414292291334	0.928237733291064	0.854038749226974	0.910431731207892	0.883937823822989	0.911438675670036	0.902025820526462	0.935482039990697	0.901340310638946	0.738565329296785	0.807582823864034	0.886138225443656	0.794601731341939
0.948918791085608	0.959970422470296	0.921341172833039	0.957851692733684	0.949762108795445	0.799060974003236	0.887954145769417	0.86209650871998	0.906237945003451	0.84369501949088	0.900337650264639	0.853458150608878	0.863760253670318	0.871269292755742	0.793500553597748	0.875584628127837	0	0.74046745659418	0.766626042954301	0.851630331836271	0.825334861358898	0.826533120473694	0.873650603478914	0.731044256450968	0.822962027804574	0.961735193130015	0.7621867514544	0.9581294886288	0.944265727216741	0.975143481538181	0.892266748551535	0.834772301924467	0.791029581015908	0.845111752723537	0.992939547306668	0.964619270960788	0.948322382292732	0.932963735208946	0.907970989997255	0.897977666420082	0.918793106394513	0.903410444818618	0.8773619080706	0.958565770018482	0.922666268704057	0.988574622732419	0.96902686218591	0.951502060319109	0.950120087924086	0.963144776645667	0.956918223329876	0.886274612519455	0.835898897019451	0.967806076876298	0.951328381039374	0.724654767284557	0.914491284060088	0.933784107316248	0.937693308036027	0.962393490449914	0.948002908717895	0.784786601625004	0.914449185218644	0.853894928419002	0.991293689597814	0.865462964897444	0.907920287802039	0.91729383758076	0.84544604744205	0.888906789568919	0.767685726449681	0.849300873848107	0.735110942677711	0.805091671724578	0.82927618783674	0.756418044887462	0.889955730930478	0.901735783572066	0.712880951704978	0.888286132694488	0.875302551439188	0.699181213118199	0.838255456135085	0.756608909802295	0.721561541825962	0.979544273706286	0.956869923016039	0.935892408736671	0.939559128123365	0.82222997475696	0.896236316722097	0.84978738181841	0.989360721028431	0.938522074862871	0.939619969424802	0.853584552170429	0.800796095178112	0.854105713727941	0.897268941069663	0.932602792910101	0.95548412655098	0.976757478899991	0.83305386957195	0.971580584854622	0.915712429017242	0.969416715550925	0.951623829931327	0.956644946148315	0.933465229653889	0.941296486132298	0.971510948006154	0.986000349257603	0.787731279632664
0.84177402420764	0.89227689480834	0.849037522816059	0.886026989449562	0.846863135886784	0.684633716342847	0.769574873931962	0.658175575292091	0.872045390972328	0.72050564678954	0.813695661753511	0.672837647029048	0.803317747291425	0.747101610452409	0.609884054836953	0.802675926682234	0.74046745659418	0	0.470313739970193	0.546553239445327	0.549689800507615	0.636400042784198	0.758451797881019	0.604333537960824	0.691485994461977	0.884800927419543	0.749418660917454	0.960941455848252	0.955115802257987	0.942083119237186	0.834646973408634	0.867591862506592	0.634931026898733	0.560731118642784	0.998537708625377	0.933918588387565	0.949810366145996	0.977595953835155	0.943771197933628	0.879659064191361	0.93133988241896	0.836888311709353	0.833908584982556	0.895480239791579	0.932972979650455	0.989019701772464	0.974735505949604	0.97674311253122	0.913709885618526	0.980932930783554	0.961845551120693	0.846768173998366	0.755210993155665	0.965022255319665	0.923418225699254	0.758129826194084	0.808629907534233	0.796606510635139	0.859555624442952	0.868182171211005	0.854433744376571	0.616441958401483	0.811843165735459	0.602042827314464	0.946693035401331	0.715468731768363	0.791291052900167	0.792367680877207	0.871852625288224	0.719171191636436	0.701414576190758	0.773662956226716	0.678841445625016	0.334977728206148	0.679570208231125	0.620265016084868	0.691097400790863	0.734122323241023	0.584365471846831	0.827211955752136	0.903641123687034	0.728562767429962	0.619025674460901	0.586261922496758	0.791352412213805	0.986563807689366	0.970371081949545	0.987296198172309	0.978108156092611	0.901619881926618	0.907415764435552	0.847671843929713	0.998574735374527	0.984273362403003	0.976075980204931	0.922067287164229	0.857862256449871	0.901353252762743	0.904336548799961	0.88326133355104	0.973287523479257	0.995779638168548	0.885920173744166	0.988915006895161	0.943220080183191	0.989625671601356	0.991290258340597	0.979832176418817	0.935019981330203	0.893028169903547	0.938203653660709	0.942235785437007	0.799155897537947
0.795241732894088	0.831040822101084	0.807116143730356	0.856245193236286	0.853987262852531	0.501987685873782	0.708082828993772	0.572096266047819	0.827101640922745	0.572070736918493	0.794165779892575	0.647208478278938	0.739713363699562	0.718337037407608	0.651114158952493	0.74803388712862	0.766626042954301	0.470313739970193	0	0.524543414291145	0.561645055944635	0.560409751755184	0.683594672553947	0.619099205375407	0.599882123378706	0.83839554798854	0.584679822631212	0.91959996831951	0.858066921414061	0.873813301175821	0.701019713049015	0.840215947903365	0.525017688144978	0.611824438435176	0.98817110416862	0.850923648319642	0.876607694476364	0.935747607300837	0.870075913493337	0.811587098338055	0.831915383678238	0.757184098612812	0.754373275985584	0.874988909809794	0.843708784705389	0.949967537359689	0.899346919395327	0.899635612530503	0.89928761130164	0.931230312775524	0.882069867590209	0.69556042205677	0.787566952323095	0.902567714463964	0.88914609987487	0.606295110708649	0.819527091531135	0.771889710815125	0.831923946784734	0.829896386740697	0.84792420935722	0.506856799820626	0.752744937626938	0.521621268768592	0.967962320875824	0.553562060025602	0.752381023169347	0.753173635768252	0.786780754205779	0.792888414577935	0.663207506397854	0.733655527940804	0.667221607436181	0.497563605732893	0.687826904376029	0.514283496768585	0.667454986416569	0.643201328887071	0.51602103067782	0.791594911293647	0.906968914021768	0.730593374550619	0.607656125703176	0.572937753542829	0.733971693829468	0.967023560778691	0.953499393176268	0.926096736357866	0.911356383561171	0.78579590770229	0.883718210727018	0.679788658499091	0.972616953499581	0.917932524711421	0.908761519800576	0.834131894167049	0.812830079521296	0.773021784422585	0.866777143484331	0.814521863606063	0.930468186215395	0.964727025846822	0.842023255964059	0.955443162429132	0.860691844905678	0.931185915780171	0.947468687213414	0.944767752933751	0.868976935703531	0.85785474522121	0.891764737045672	0.908087469681831	0.674672942210283
