0	0.77303670722989	0.948444743503868	0.885315510136198	0.941220653801011	0.939018340088557	0.833131267142503	0.870389913090183	0.967482201915117	0.827057400775836	0.912168944431202	0.998722862281001	0.981806620916123	0.977640470584942	0.974798555984228	0.98376455319013	0.968261526474404	0.947684559851984	0.947077668649088	0.969091292959253	0.938188304517065	0.980639609461436	0.985217606273319	0.998432250970402	0.999963137176275	0.99995256979034	0.982415573219806	0.943221110072538	0.996569270096263	0.999989319954005	0.979774028748512	0.999991847892723	0.958108075661989	0.999981771360467	0.994362496029503	0.995066390322345	0.990378065499745	0.999743177321489	0.998536289001343	0.977226818244179	0.999699375962474	0.996720468988031	0.983066711865941	0.997874732301139	0.999613132808659	0.998134971028779	0.996555879689359	0.975526044950348	0.974574480537827	0.996842277637177	0.985867438941672	0.979679340959637	0.998820945016531	0.999999830253854	0.999529209447838	0.827801373417892	0.701327110541816	0.684548344917176	0.908549512141265	0.919918031043262	0.896692806705937	0.883784339004099	0.835560081555959	0.825552437736482	0.984997029941797	0.851324011826046	0.966368642160215	0.985635751384021	0.971716589515489	0.983208350653544	0.930261825842354	0.964128454980719	0.959301396542251	0.951529635755339	0.895495465976161	0.889013780274553	0.932492466829652	0.993593367167133	0.941991982913941	0.954743408728934	0.995674152447771	0.999119544783254	0.975375395252364	0.96734650867948	0.98459400852428	0.999905905338733	0.956292024610193	0.987605661959779	0.999984940517555	0.988849000803406	0.992744269286743	0.998148024458418	0.972880090155895	0.96964753823868	0.998475484500681	0.99999977377622	0.999638556043798	0.99996676880091	0.999992643171344	0.999872669354245	0.991163092606675	0.993028036904659	0.998122910616851	0.992708020342803	0.999744433414779	0.979203763882503	0.976783806407764	0.995419473928482	0.97802501729183	0.991902255527818	0.999785938994493	0.979374212166271	0.871361181339045
0.77303670722989	0	0.783260476936037	0.683345676151788	0.769914299438501	0.983561047989461	0.904368181339101	0.931343452700765	0.987336638112256	0.88948837294074	0.906486138501609	0.999985786178739	0.991380381773057	0.998113468607846	0.999999968236066	0.999727877345165	0.952256301318144	0.999737278555233	0.998745166283298	0.998821871346663	0.985487857772419	0.99993631573247	0.993411274091764	0.97817624547955	0.999551463299069	0.999999556625971	0.987727818302395	0.99944262441821	0.996242729252149	0.996154144558809	0.992807098506455	0.999880785211565	0.950246929822632	0.998916596163507	0.99842163292806	0.992084116686506	0.989792065020369	0.998430676909407	0.99203497150512	0.977220008167996	0.99918342846234	0.998223751670749	0.999630858465576	0.992640907365673	0.998851461010678	0.997136905937741	0.995727335740212	0.989888338931467	0.985862844849458	0.999853181302529	0.98698043288763	0.947724560725165	0.999980076096987	0.999849883171965	0.998120247338381	0.941163441009488	0.806356878434704	0.47742446389428	0.715964429540356	0.704641619586202	0.68267722557301	0.947114455112221	0.899350353016194	0.936994250002037	0.99998513922687	0.913661832334451	0.958228548159006	0.995948191125067	0.993387527356683	0.999856962678404	0.994401511222253	0.999341121798119	0.977036261194932	0.999998773136276	0.921102872991325	0.963087856185283	0.998468407216392	0.996312434155242	0.997047606380414	0.998717985719397	0.95410754858864	0.991676703263042	0.990998572994769	0.97052925123868	0.985240292083812	0.990205969453173	0.992688381295404	0.977048954423775	0.99566096874317	0.997263684343304	0.976822319111564	0.986489333724046	0.999833781321866	0.9480157313888	0.997768538262531	0.998249902148996	0.975666921528723	0.998090655367252	0.985956066083316	0.999708187465333	0.996196347540687	0.996488967337993	0.999989709922418	0.996897243842102	0.995823205621221	0.999544986109348	0.99710682794113	0.999851852993462	0.97727358410195	0.949060402392529	0.994815513893641	0.999998647549345	0.961324533259084
0.948444743503868	0.783260476936037	0	0.537872398632045	0.484965291464578	0.971255556086597	0.947525179409562	0.956163795865574	0.999475197550215	0.995956016254377	0.999818137388252	0.998218585210525	0.993738515961293	0.977661481434663	0.996585115662095	0.999990328319327	0.997801237000114	0.991748458078737	0.990736997227403	0.992565380934363	0.999983594047734	0.999945998256949	0.950740388763512	0.998954747824465	0.9999869449902	0.998635604797689	0.985375889190349	0.999999678744464	0.998005594027556	0.99992545517459	0.99989141490312	0.988020364682576	0.995641050040171	0.99999800383524	0.998142276480659	0.997572771834736	0.997928973913816	0.999842260205377	0.98417303296811	0.999999948409964	0.997925955099844	0.989327355025686	0.987648622769852	0.984940523845257	0.980695705143892	0.976596961492933	0.995826127771194	0.99537883565285	0.992409151065109	0.998836085440083	0.986940810850197	0.997932227319046	0.996050976555951	0.958598763972504	0.999967966836028	0.999952056148983	0.92362820132737	0.871261690131945	0.398364575277768	0.595204805705354	0.529898897107189	0.982087273636139	0.941038825391449	0.94984460359858	0.999995890528852	0.997825726977436	0.995464614604736	0.997668512315486	0.995724525791015	0.998689505953113	0.997410041543132	0.998015765698919	0.999944093736992	0.999839550689106	0.997292607772417	0.992771149142727	0.979516537644634	0.999999351409219	0.999952364121804	0.995595497573354	0.968094801364693	0.999729057441181	0.9979055804413	0.993851791240944	0.976178769316656	0.97010180702197	0.994945538638564	0.996418616584272	0.998576083878467	0.995537606666239	0.999997346869129	0.987803513455056	0.999373666831779	0.980016219985862	0.988663501502194	0.981320519935631	0.98879364445314	0.978830201787749	0.996291462983806	0.997128935029695	0.998136256825441	0.986410915035168	0.974064787714652	0.980536969740396	0.984269797088386	0.999285444242329	0.999888979364301	0.998958077303292	0.998954416246748	0.976130340472591	0.979024547036344	0.970083218533916	0.99966516317658
0.885315510136198	0.683345676151788	0.537872398632045	0	0.511657256937519	0.95435388674035	0.926981298251139	0.895988142494692	0.999055915129697	0.971143873566776	0.998667464323869	0.993221167745767	0.998200661124848	0.99127454431337	0.995343230718157	0.999783676666106	0.997202484226681	0.999982806884316	0.999665681172897	0.999270805203248	0.996198060257198	0.999683729964839	0.984351008356018	0.999294389765322	0.997975461672508	0.999377462940148	0.972198516340032	0.99994613879096	0.994906591689397	0.9967401782673	0.999778251460103	0.991839487646331	0.997066638022736	0.9996851927984	0.999856013300741	0.9972924931452	0.985489707761211	0.997433670506511	0.983881900480315	0.997829435043286	0.998848928333954	0.99368596128373	0.996769136812155	0.985148124449275	0.987749852327234	0.985255707622739	0.986764319813581	0.993826890847311	0.984549735756506	0.996102739893911	0.981838313539477	0.991287370532148	0.992541034169631	0.972589271568527	0.999930341106929	0.980899569479733	0.86365844669837	0.742584938422113	0.443866683533914	0.533476050557839	0.529529216940197	0.954329605796667	0.920669669136402	0.916658086172211	0.998036558515599	0.957550374274427	0.981414621486115	0.990743252111848	0.987443286703458	0.9993399055788	0.98801727044995	0.998952019884506	0.998429355930207	0.998570248616139	0.973338360062713	0.969099940175779	0.998745442247713	0.994326619190223	0.995131616706718	0.999191206084966	0.968640308090013	0.990207552442447	0.991484013575141	0.977375772832893	0.946806278513118	0.965966031218681	0.988981338605223	0.998393324381695	0.997754589536641	0.989354956576135	0.99980083396666	0.989536015053296	0.999731969757784	0.966747987394913	0.978335317510946	0.981335103327912	0.974963129993694	0.977751178508393	0.999149545323008	0.998317398470665	0.997149454805759	0.979177348724979	0.97976393359422	0.985118907039061	0.977976147362175	0.99442731108548	0.990977393864044	0.996719550676153	0.991605032442904	0.981807397617618	0.990203960402021	0.952479292776141	0.983709539638714
0.941220653801011	0.769914299438501	0.484965291464578	0.511657256937519	0	0.961487773626161	0.951200142515906	0.941786335322875	0.999999999885078	0.985430164674662	0.99999992775296	0.998953958391269	0.994158460122862	0.977656894042805	0.999904213439175	0.999409674037042	0.999374264118286	0.987609283995145	0.98014796734079	0.996590260592047	0.999870801552837	0.99854773606805	0.970431220487836	0.999274606841512	0.996014006466514	0.999339918383017	0.976459680673582	0.999563621906487	0.983553151212109	0.990923399607064	0.997447890813923	0.979524318743526	0.998668097242064	0.999994695696361	0.999991970616953	0.994585753120285	0.970442159116342	0.989343145295106	0.956417425518898	0.999916791102153	0.995237526645663	0.967254988286105	0.997028064415632	0.95358858855556	0.961466216753698	0.960028587095602	0.987633516054513	0.986053598820967	0.974235087294464	0.995203872615546	0.980161739465164	0.989481919840115	0.967208032593665	0.953940325152507	0.999959571582779	0.998678242491637	0.908423769191606	0.818872033934082	0.423758831841914	0.529807901500027	0.491050874866203	0.96812218632976	0.948759810333284	0.959044491341301	0.99910910449047	0.987520305444026	0.995224304841837	0.999995468599978	0.997482062804608	0.994334907115749	0.99940819066847	0.997937309986545	0.999886422736051	0.998364460052518	0.986507593561337	0.990220986046483	0.975303764075163	0.993438479444313	0.999866607135392	0.999803037678019	0.974588300588394	0.991855696805979	0.997662205944942	0.972059247324651	0.960034224092125	0.965985775323318	0.991498747223539	0.999883699713924	0.996509544968252	0.980137516861616	0.999329124631246	0.964397150900553	0.997004868841767	0.93341007921528	0.959993007345426	0.955984881016936	0.960174492454286	0.959623948703033	0.989192530219276	0.998253900200317	0.989870620450242	0.961069077866571	0.952967141184	0.96535732454385	0.962424082599497	0.993741361913524	0.996081823156835	0.997442954804888	0.993312464892919	0.97121435420729	0.980285131232081	0.965631456503642	0.998044763941481
0.939018340088557	0.983561047989461	0.971255556086597	0.95435388674035	0.961487773626161	0	0.894747583172264	0.76023352047787	0.897712011629773	0.881724021787998	0.963001897203067	0.963409317544708	0.910345047753929	0.933857951209567	0.745708994583558	0.952978408928206	0.984460273320451	0.865079486647076	0.892084368683577	0.930471488184569	0.936658876979488	0.898177390419736	0.975973279092123	0.949427981118683	0.989738371810833	0.998672074077943	0.898666545383148	0.896788509023286	0.999869369536298	0.994914571825595	0.973329811970123	0.988658048093548	0.978917466456824	0.963213858328268	0.999953062329269	0.999613026726089	0.983083501582924	0.999920201849095	0.986016089247439	0.999991801510527	0.992800163600195	0.965451538156832	0.951986043582968	0.996876778179562	0.999608950358085	0.999801051856373	0.999765824041835	0.977352453304611	0.993406228983766	0.991763411827186	0.982518266090978	0.987026222281498	0.996491646371021	0.997652960052243	0.977036238350414	0.855390994495417	0.905601104433029	0.942756597146257	0.97045963363657	0.975709714206438	0.974065184322322	0.671484527667751	0.89130617965485	0.807722164445452	0.88246964058954	0.911486864697988	0.920102538574236	0.930918069927247	0.922667377179539	0.907617135625426	0.755914138106242	0.860468961712742	0.959077515441612	0.857560590730203	0.972578965655056	0.902782738157826	0.921921248076321	0.958211493439531	0.891726393701687	0.895711175657063	0.98758061051051	0.985680189989324	0.990700839555617	0.937780631636908	0.934606889340749	0.999341057582808	0.907538544289684	0.999692120027633	0.987925330487236	0.963352656511959	0.999046583544458	0.974316895192413	0.984646494278579	0.985190833053809	0.984995659241763	0.981018486087294	0.997473378141087	0.96712993868703	0.977443997049074	0.972393735117718	0.999843993362441	0.99224506158021	0.992547985362128	0.998788296333358	0.999146396970489	0.966975812139677	0.975009557158554	0.999046747733585	0.982348993656281	0.993269519871839	0.998445029666153	0.947329261032017	0.833575078395061
0.833131267142503	0.904368181339101	0.947525179409562	0.926981298251139	0.951200142515906	0.894747583172264	0	0.656989340802984	0.920463939176037	0.767226773785	0.959669845983808	0.996543089951282	0.987205774591933	0.965852510792463	0.94332499306983	0.994637466654356	0.952552287628966	0.897452944444062	0.894021335304557	0.912289965493219	0.859666157656369	0.967639254526907	0.982881878293767	0.997102802587515	0.999238162756232	0.9936149106096	0.937797661691762	0.850154801762267	0.999995061120449	0.983509173564942	0.988699183740448	0.998839766059384	0.979704867048978	0.999917465437855	0.99702795536876	0.988826805487376	0.998612026857667	0.99332951941119	0.99999497405368	0.951067815982648	0.976246485515886	0.992857647566051	0.968950899572153	0.999603192881851	0.997028332857953	0.99915606876778	0.999007184999195	0.929880583782745	0.970007630998859	0.99716225319341	0.983729006284425	0.946943343138388	0.998502011269214	0.998910365792104	0.992987136797115	0.827779571564885	0.911686828779182	0.841366114294397	0.949682440570405	0.947251109695205	0.932328469165938	0.764337507548695	0.310881550819376	0.520637847515281	0.966844143077594	0.7989691553929	0.986337046123485	0.972977064421991	0.990994055507968	0.969606132274862	0.915815794967815	0.957799121240837	0.977330730538156	0.898301321740522	0.844935979172278	0.697084111959747	0.910657153066509	0.992228792259438	0.945170102378673	0.948031299037152	0.995619176206158	0.991034666121261	0.986287734266995	0.969429414257014	0.975825908612639	0.999469443237313	0.819094251242897	0.991121939626937	0.999927847840978	0.993427695260379	0.984089527926386	0.999668401535762	0.998294698434199	0.964950867476649	0.999912700498465	0.999999095454185	0.99678739959454	0.997418669940779	0.998545946307083	0.997067774875315	0.999972377688389	0.99489454065765	0.997866474612415	0.995249389099011	0.98738147521512	0.983586140052307	0.918086083802643	0.999044726989409	0.95325831585438	0.999998201409263	0.994803876245694	0.94874401911305	0.84022989956772
0.870389913090183	0.931343452700765	0.956163795865574	0.895988142494692	0.941786335322875	0.76023352047787	0.656989340802984	0	0.854708697349872	0.690866347224651	0.978563880705095	0.993603424451567	0.9892444415898	0.907078407582558	0.833240741109858	0.958834834146048	0.996484844784004	0.752979726956676	0.823900913799409	0.849394729356463	0.820151116908778	0.922800487619082	0.940431991492968	0.959040409126913	0.99801604960143	0.999926536694998	0.943686650604886	0.859278587488704	0.998152764908528	0.991148781052804	0.998029891388353	0.991229915998668	0.995029672336329	0.999965774325313	0.99996450881788	0.999776157555884	0.998936834971898	0.999763422534264	0.998671354601384	0.946602646472424	0.971899798466458	0.986848270752419	0.947833040767563	0.994278522055256	0.995591396955298	0.998357943649635	0.999138418797468	0.97580815429232	0.996203687251516	0.999999980607279	0.999997314465695	0.988369047437242	0.993537728996941	0.996027885777196	0.977007185973947	0.810721681628187	0.86738512060179	0.86831520076571	0.945301665715675	0.923770478081265	0.932211136382512	0.621423027062941	0.662328075060169	0.510552737656914	0.878672945279372	0.721596791358041	0.951711063073382	0.927264575326166	0.966042263009633	0.899164889665413	0.778251528891953	0.841364016338636	0.97267989585811	0.746191693747314	0.937680056514008	0.673964270601579	0.822282646567699	0.936199223213375	0.881909291814206	0.914423050909205	0.998692162512048	0.994065088892331	0.97401022312616	0.96440377546152	0.963157739243586	0.998105803414808	0.753383256333961	0.981747166109804	0.998044073747457	0.984264514241166	0.999998673733283	0.99982161158279	0.997445181225893	0.980340653718186	0.99957628156716	0.999807533815132	0.999932202815332	0.991824554211763	0.994653903552519	0.97088312318488	0.996684939245463	0.997218413454388	0.999977657910736	0.995825653437115	0.99628324246848	0.981276227734543	0.882513961770861	0.993520877762691	0.974369428564242	0.993323601455903	0.988889361372534	0.941700899036146	0.753439885386396
0.967482201915117	0.987336638112256	0.999475197550215	0.999055915129697	0.999999999885078	0.897712011629773	0.920463939176037	0.854708697349872	0	0.835674200739782	0.954776453915811	0.975984987883528	0.978620448552779	0.890228958601389	0.933429637913926	0.990387657717372	0.976611541861265	0.845805921437657	0.86869796309185	0.882206433882176	0.783347631939707	0.962967774788772	0.89000945409538	0.987493920946755	0.998025923579441	0.999939549723449	0.950453958104365	0.851139757836105	0.960347267974841	0.99941123429618	0.965482067517409	0.992457810526327	0.986251349552532	0.997502789922333	0.983697002315755	0.999863839153245	0.994468075218216	0.993919416850306	0.99762492980599	0.866044472639619	0.994136330448733	0.995402899716497	0.872311329406704	0.963788984871771	0.966564135963823	0.974611038853764	0.968011700122494	0.994587440718722	0.998574112253174	0.981683260940979	0.996306809581043	0.987666444258966	0.999236298793185	0.993724308196977	0.999547849344678	0.870372399454047	0.970996157389758	0.975553050499201	0.999580555875665	0.997624681919521	0.999238869484846	0.834237050319479	0.912333583938816	0.887788535534404	0.942163709486983	0.891597119717213	0.923235752462746	0.919029888761397	0.945476946778856	0.887878550804153	0.87213948974325	0.892919332341915	0.945859230674878	0.862901873651681	0.973424395938654	0.87125119503508	0.880483671464977	0.967369901484224	0.962872461597382	0.905384576417587	0.999146144213183	0.997085275669543	0.97122076122823	0.93181871857085	0.969346136319308	0.99999593314661	0.844122918231804	0.994668700784273	0.980414216128502	0.952623294021218	0.994643805931712	0.994172951711016	0.986794829099415	0.980494404820196	0.989234689947918	0.996978174246325	0.994785270755348	0.99997948100986	0.988295877470167	0.965796555712589	0.999673271465603	0.999719858488106	0.999248937884946	0.997464837010406	0.974947594265073	0.949833716615353	0.94777550634178	0.986153725256327	0.999132963951031	0.987833963104325	0.996874728799434	0.991790536674906	0.801727116123205
0.827057400775836	0.88948837294074	0.995956016254377	0.971143873566776	0.985430164674662	0.881724021787998	0.767226773785	0.690866347224651	0.835674200739782	0	0.926702957109446	0.986546097142137	0.978648181197378	0.886525738151177	0.92052766923142	0.969122324090757	0.986483213025733	0.774441313070914	0.841448433265842	0.821796478908248	0.782057421393643	0.947281429243412	0.906370263353697	0.971414503730103	0.999439630330649	0.995410653648702	0.959892476911658	0.789093138787368	0.99598460888958	0.995982834841295	0.978946593400494	0.983005438486355	0.966987445001058	0.997633999451366	0.991421957098954	0.998614825791474	0.993725794827351	0.99943484290046	0.998374187453422	0.939892886737803	0.984092350913609	0.995967641476517	0.904550111424307	0.995725420325552	0.993759002718504	0.997350178475032	0.997543784816493	0.978299891499947	0.995361977774465	0.999929369544382	0.999881435711588	0.971816665421942	0.994983436222198	0.999568528928614	0.989895648300499	0.757624391722393	0.916530556186721	0.832197831871125	0.987013800886002	0.972490443228277	0.969734932272688	0.718741861693678	0.771632995698743	0.732395267231062	0.910378613743795	0.661715005312954	0.940505430278316	0.94170897072366	0.966209467206718	0.90340934786247	0.857908347520433	0.87536571441368	0.95540115103866	0.828359117435787	0.911932184709052	0.771964865886054	0.808882077065266	0.950885351411139	0.914826211849055	0.905649426264042	0.994394075480356	0.998337440634971	0.948137605536196	0.938535214366375	0.977578659209978	0.999710406876536	0.779216636740903	0.954046706915187	0.995871475227137	0.957141215430011	0.998859631932849	0.997195295023101	0.976771490339144	0.961254098059849	0.995876801244735	0.999875298687036	0.996648454023071	0.997720410376558	0.999061575662174	0.966116130989769	0.990969953467883	0.997355997702132	0.999706049420198	0.997862986251157	0.999174218507289	0.976634103644972	0.906194711329097	0.999688447509307	0.971864747249873	0.987470914409268	0.9972699365434	0.966736986793218	0.717862700093111
0.912168944431202	0.906486138501609	0.999818137388252	0.998667464323869	0.99999992775296	0.963001897203067	0.959669845983808	0.978563880705095	0.954776453915811	0.926702957109446	0	0.834217473874212	0.746856393138292	0.870654346123585	0.922062826658084	0.912929369184469	0.786326982653049	0.941440735814	0.886592347954902	0.949308843606949	0.951555283672018	0.941969119872277	0.960759138643963	0.996995153700208	0.987624391348136	0.978814835702173	0.973897822462933	0.96143828050914	0.998869033798355	0.935470501995884	0.792611667442835	0.999918476283114	0.666775144261722	0.906680486304454	0.993111522496518	0.988093444031523	0.992506170698869	0.989126749267011	0.99404819837457	0.998673953429058	0.974185763202537	0.996013027749537	0.940239667947449	0.966545397546925	0.91655390037862	0.942022195822673	0.959875490487759	0.999226348135755	0.98740639242841	0.978738904674757	0.998601346893682	0.945048923379154	0.997610707210317	0.994781835442689	0.970547573389248	0.851109249689388	0.921677583647305	0.889558636859375	0.998749416004501	0.997321108829318	0.992981536989518	0.926852761023774	0.963421314336981	0.97117068602645	0.982346002322224	0.945612251203435	0.791537701711928	0.91406143101523	0.850094004341108	0.910948761790201	0.917411482432093	0.952650067757887	0.702093994850833	0.957572233548779	0.925874269770555	0.962452888253299	0.951276388173109	0.999903991861304	0.948069106664266	0.992784198981258	0.991095264087081	0.993001023800986	0.961836972589332	0.956403968132786	0.993381036884871	0.999843499326065	0.985653880560221	0.999517133634329	0.99220280074382	0.974172219199629	0.99569941817853	0.968000405978339	0.991706612103172	0.995723823845229	0.988429395972467	0.988448477917004	0.999948638465116	0.999998234723882	0.985322303251141	0.988182525727701	0.991965136075151	0.965951225443263	0.94850640870279	0.970993241189333	0.97327269831806	0.999796467335625	0.994237177114755	0.986346742463349	0.997612435080317	0.997709057160856	0.980494747104381	0.999611188431482	0.926743514987123
0.998722862281001	0.999985786178739	0.998218585210525	0.993221167745767	0.998953958391269	0.963409317544708	0.996543089951282	0.993603424451567	0.975984987883528	0.986546097142137	0.834217473874212	0	0.62909935256601	0.785938984449484	0.889266993407914	0.885532297987196	0.906503704858998	0.964084207635296	0.966005175409864	0.970902199424748	0.96936278483198	0.974526711085375	0.945269889877745	0.99924786469979	0.989461712624815	0.98579192491624	0.990194676215267	0.942443713485874	0.999468446289456	0.824944313101368	0.758155671308682	0.871431237763581	0.802297507341023	0.898565222003979	0.959879321676218	0.998329634902376	0.964244632141629	0.960830894481256	0.95344110430898	0.99997090221669	0.966105988558804	0.958483397756195	0.962572569149588	0.999223915249394	0.999999989049595	0.995073625879457	0.968437019662547	0.998060158035947	0.995276833572904	0.990645242314152	0.999986520125952	0.975465148596153	0.905072838016001	0.913840020057888	0.765790247899942	0.989159353217888	0.999646091878647	0.999894906246574	0.996392886196453	0.999813364609336	0.997950183455912	0.965834632545495	0.997623103951767	0.990747203761768	0.988846986564427	0.998537249346162	0.897443128386609	0.851632748266393	0.831767202988052	0.847152569308747	0.932732050412934	0.914832416664403	0.853146634704309	0.971166978462755	0.999697475316483	0.999842754446379	0.966616062910343	0.963086809632981	0.996815660628394	0.990422451866522	0.99892269409578	0.999011512020785	0.974684181557014	0.992899642092094	0.999545590561821	0.979733370495316	0.975177663169599	0.994985287416836	0.853574677845964	0.919151367653592	0.953924400039165	0.901790203507002	0.963280825286462	0.985539065587392	0.999057354266041	0.997848048735117	0.983168113699214	0.990580625294942	0.988251023865991	0.974927833472052	0.996906640456432	0.999851170231479	0.998768150814395	0.999519317330121	0.988790980402283	0.996131623629833	0.968710703281271	0.968300933680447	0.999984856490992	0.838409114110378	0.957755655737774	0.944247069178774	0.987744948492065
0.981806620916123	0.991380381773057	0.993738515961293	0.998200661124848	0.994158460122862	0.910345047753929	0.987205774591933	0.9892444415898	0.978620448552779	0.978648181197378	0.746856393138292	0.62909935256601	0	0.84009191121299	0.835944452156993	0.832855738599564	0.855653275728636	0.953998954751402	0.954568551131209	0.978973041814175	0.982441082119436	0.962567669472555	0.944438019774082	0.973822814181884	0.966927652504913	0.976905288883808	0.95847218397396	0.937688838465536	0.999944735051649	0.866167815463223	0.622555485454044	0.922901818489585	0.687355704475945	0.773255765347751	0.975844231896852	0.993410023217561	0.934875730452249	0.941532089900138	0.924188375521521	0.974700855826666	0.919748672649399	0.960383745936839	0.953007827262978	0.998594032171959	0.999690552692511	0.985908738281458	0.971261060695631	0.999050376070503	0.9974359842549	0.998367085952914	0.990245618661221	0.987980099781019	0.967343781610146	0.980385815355511	0.874433242233496	0.945266380456735	0.987421223454795	0.990133496031311	0.993281347837052	0.997597346868494	0.994173213257456	0.95437116197327	0.993151335567554	0.986612984630382	0.984680116364462	0.996115783576077	0.8209543324905	0.82632349017368	0.675758464274071	0.888835615077758	0.903465815248113	0.914418395135232	0.792089772923955	0.961100825548226	0.989407518454903	0.999176454176676	0.97868174181238	0.978467102496923	0.972404803360998	0.964729883626433	0.993611551416349	0.992536254990229	0.988532030920219	0.958846203757535	0.990564290482668	0.982693124719821	0.982988957151739	0.998518972796976	0.897605702283398	0.874483833642822	0.965045573112892	0.844924753782751	0.961739253285972	0.989665152152654	0.990857510662341	0.978548831256245	0.986105256413398	0.953156515287839	0.988228071929736	0.967759018111731	0.992996501680306	0.99875809548459	0.997405671890416	0.992010285010088	0.993459969939682	0.985154252775476	0.995584679275501	0.990463387960857	0.997804146698759	0.9464153192884	0.998063006366326	0.952525266550819	0.958756695654785
0.977640470584942	0.998113468607846	0.977661481434663	0.99127454431337	0.977656894042805	0.933857951209567	0.965852510792463	0.907078407582558	0.890228958601389	0.886525738151177	0.870654346123585	0.785938984449484	0.84009191121299	0	0.71457943289121	0.799272797384217	0.971771615236051	0.580845888637164	0.697037889445443	0.799233742783714	0.85960354220731	0.88080398355632	0.579844477837451	0.902076974142602	0.992021120374455	0.94837705880814	0.983328192576706	0.852602854076927	0.980190860617907	0.980522734897842	0.863641311032618	0.95109656721254	0.904691815325452	0.920564134267772	0.988446956122945	0.99433894632857	0.979268153512437	0.989314233428754	0.99885648771128	0.993615034705294	0.999229440281302	0.999975728739177	0.876005839197567	0.927888269437187	0.944966629592234	0.886393071669457	0.979764389189147	0.999852342317222	0.990051064799765	0.978146986145975	0.989139667294203	0.991721944379567	0.989027881235531	0.9999999545257	0.891815680190995	0.88693439759606	0.996799057408989	0.99678854954071	0.982193746843455	0.987364490342054	0.990296509996092	0.882160737369548	0.963900834905051	0.922363915362489	0.868279186522521	0.931376332888335	0.807944084573866	0.747228988623946	0.827757137878867	0.534934695352595	0.735655083523239	0.737778258942717	0.763913635109164	0.656182900963337	0.998262397697615	0.909340484362749	0.756620652418887	0.913411235053356	0.871987069498705	0.836069096365474	0.997030640935147	0.98496780923975	0.916178055438223	0.954242199677064	0.999773023350378	0.999635630030668	0.888224471877584	0.977491252165351	0.861281546057023	0.905968331123758	0.946829795345757	0.994603571718183	0.972500875296398	0.9999109465705	0.999996850702103	0.99567832198124	0.99644791882048	0.991394349039865	0.999943576678929	0.969055757257716	0.983897881302806	0.984802705101339	0.987614049914213	0.957071934560656	0.958094532365587	0.956598356914137	0.9961337137448	0.962240871923678	0.997266608270838	0.824060358665036	0.999326136626433	0.979807636424599	0.876263769105611
0.974798555984228	0.999999968236066	0.996585115662095	0.995343230718157	0.999904213439175	0.745708994583558	0.94332499306983	0.833240741109858	0.933429637913926	0.92052766923142	0.922062826658084	0.889266993407914	0.835944452156993	0.71457943289121	0	0.768173837072438	0.938299492629158	0.667395402030141	0.738363006083831	0.866599819096091	0.914604307747857	0.826904576242784	0.897636508336681	0.877428426318047	0.989479462504945	0.977882864519588	0.926118264559915	0.884561869279823	0.964817331106658	0.999546236928707	0.943313197974961	0.980668680378765	0.908642520974488	0.882215053123877	0.999985590908319	0.979167064734057	0.999883357495391	0.999682111247097	0.999809920128833	0.998286808512988	0.993671352251268	0.999277331373886	0.94150270953575	0.940274775622277	0.987583391381281	0.952990570247136	0.993134254860195	0.999899664154438	0.982140753538239	0.998049124940845	0.998519046681962	0.999639856016303	0.999926366670289	0.99996334799086	0.916578771315558	0.921264980969875	0.973139709099664	0.987145480279018	0.997667446225161	0.999957361644405	0.999325050922792	0.756936458582567	0.953701399306223	0.860941630546185	0.822357366069734	0.9376337715141	0.804651214154613	0.770888614906032	0.814052408197026	0.699526121517	0.476105038298416	0.608067358677692	0.810083584413973	0.656907245645202	0.995193625595731	0.925624471415947	0.860336739429505	0.952556244361391	0.767551547992931	0.900255404608769	0.99637920252332	0.98087300237142	0.990220411110498	0.956613619813818	0.962287298987742	0.993054562269317	0.930194003976707	0.996032285071151	0.979876820641849	0.97501175925677	0.98126407719731	0.991505312757958	0.981526252984263	0.993780160669721	0.995007527188714	0.999576753350692	0.999795679584478	0.999731413845702	0.999976065414274	0.980470982460071	0.985383679878137	0.978545817830237	0.995591746794743	0.97987612333957	0.983317739073115	0.989136619100836	0.997450158285082	0.985931471623335	0.998634554818657	0.945249889666085	0.999925031025319	0.977784218524703	0.880585257899608
0.98376455319013	0.999727877345165	0.999990328319327	0.999783676666106	0.999409674037042	0.952978408928206	0.994637466654356	0.958834834146048	0.990387657717372	0.969122324090757	0.912929369184469	0.885532297987196	0.832855738599564	0.799272797384217	0.768173837072438	0	0.944102991412753	0.836472966043193	0.831549211441567	0.917045498383049	0.979479966428727	0.841956210757645	0.871189086048895	0.914309074136238	0.959040441685949	0.926394345884418	0.970158947609578	0.94010812621646	0.945741021688789	0.984919839347986	0.907060328700307	0.951455039235509	0.833613838521645	0.860640607131088	0.994519680569905	0.961782727051126	0.998095108715303	0.970241060226616	0.998384174226742	0.966793137571049	0.965013589378348	0.998185279341253	0.969762850187112	0.948654092760611	0.987226333699769	0.910769894554084	0.998857054573422	0.990356480277254	0.964361600266079	0.992238729680301	0.994599418748741	0.999176449920522	0.999997453028241	0.999395721789311	0.930089795960377	0.925872805009351	0.971351979489132	0.989799765838682	0.999997574020188	0.999903494467027	0.998710355753604	0.957335121710357	0.997784485239327	0.975828191419605	0.89943421235681	0.966381144570212	0.874855374746125	0.876401899500576	0.862021979476962	0.895822372642548	0.842373260500364	0.851868447531581	0.80142145128376	0.862099677671329	0.99315635488145	0.965653324109584	0.880674830486804	0.983142739878334	0.80698117237687	0.945884999313807	0.998293146867187	0.980495816951829	0.973565963451858	0.932752842370111	0.980407245531278	0.998631836912969	0.990022902727633	0.997931807336941	0.977661296545238	0.976588503494544	0.969881002189508	0.980887191160946	0.973292697342711	0.979019702375751	0.977761603035919	0.992140449785306	0.999827296983992	0.998312739124892	0.990289761128003	0.987448979728572	0.991821934188628	0.930415697901526	0.984804986030965	0.948409801078181	0.991473143826425	0.999817117680153	0.999214383396457	0.976744153423751	0.999922493198255	0.966509548719883	0.994765811798879	0.988875907593565	0.944999140230859
0.968261526474404	0.952256301318144	0.997801237000114	0.997202484226681	0.999374264118286	0.984460273320451	0.952552287628966	0.996484844784004	0.976611541861265	0.986483213025733	0.786326982653049	0.906503704858998	0.855653275728636	0.971771615236051	0.938299492629158	0.944102991412753	0	0.983858576401946	0.947867226870108	0.980545524908717	0.980796247271572	0.964767056459822	0.998070367296068	0.975194131268726	0.962012992815727	0.99964796933537	0.96173427342923	0.972923809640779	0.977375019868952	0.975619070072188	0.87525881477302	0.998048176274114	0.793492043484295	0.956357629436116	0.980183757194785	0.997108965124297	0.999485189790089	0.988686641978288	0.996384314574854	0.994242063946489	0.972769705878484	0.993141239211647	0.994164420365937	0.991701219447769	0.982778475539279	0.97606365518689	0.949246003944459	0.99999542263029	0.987562951707103	0.987507399732503	0.997479731520891	0.945674625498437	0.997741016131891	0.98861250439282	0.992098373334158	0.955735557530777	0.976157074520183	0.942855589120337	0.99462520099411	0.999858152667353	0.997221570314561	0.976591734131	0.974284992767334	0.975905896262813	0.988974537007243	0.986508030436009	0.916819845177334	0.953418195215606	0.955001745575452	0.982311540689316	0.945554144922523	0.980285820925509	0.775571232048122	0.993420255269316	0.937763976870027	0.982431055983198	0.970806056062378	0.975353890254884	0.970960370591019	0.99977416096544	0.988401720843071	0.973864150176821	0.992521293302093	0.952622817298061	0.977256610561002	0.98541861760525	0.999999769327936	0.995690155929667	0.998993641978426	0.998053189915561	0.978931683518463	0.965766422352568	0.994213008909298	0.999753030198765	0.980530397491192	0.993732971876012	0.999900835159201	0.989968217350828	0.963142987330059	0.993101597867459	0.986182659781235	0.954303254653542	0.974095553532341	0.96495158879804	0.961702392371319	0.994454396798934	0.987194222502709	0.985383626801707	0.99937278956546	0.992798293866091	0.981372875595811	0.999528883197484	0.976690924094723
0.947684559851984	0.999737278555233	0.991748458078737	0.999982806884316	0.987609283995145	0.865079486647076	0.897452944444062	0.752979726956676	0.845805921437657	0.774441313070914	0.941440735814	0.964084207635296	0.953998954751402	0.580845888637164	0.667395402030141	0.836472966043193	0.983858576401946	0	0.500665855793559	0.710046274313828	0.788745776525631	0.81351056317585	0.638714882178154	0.852269027300004	0.995403063763771	0.973713456160449	0.935049118417085	0.831616690553683	0.973547170544002	0.995771023569828	0.97219540310795	0.996485299245878	0.965159162012368	0.975944588974081	0.999573970696326	0.987300391220891	0.999922831367442	0.999800001897696	0.984399912491172	0.981266600750363	0.991559362776575	0.996127312354888	0.864209927857365	0.860284057180892	0.925276571124019	0.886119740043393	0.990879458219946	0.99995999193689	0.989264053370036	0.992257535109166	0.991984071692657	0.997205264053182	0.997043056904904	0.988778863788226	0.965644798071144	0.777369476255051	0.972433701770535	0.979691946504861	0.994191617909449	0.997029990344287	0.997386127558228	0.792408089477273	0.895796209669186	0.816385503664901	0.775452264088744	0.835922423303289	0.866414366434059	0.813762785818264	0.89442859994296	0.680554834089589	0.593849070951344	0.70507848656509	0.848301373950274	0.388892560481982	0.973780966141102	0.800275353366425	0.641780237317452	0.932751701488147	0.724390252139059	0.792618588236269	0.999442939967616	0.978608687156471	0.953593218084188	0.934973398830005	0.96809121919961	0.997016693414059	0.866067113868016	0.986639612048095	0.98218452682909	0.970897910139632	0.987176808626945	0.998563799764547	0.995136133898264	0.997527544782332	0.995560328106381	0.990024005498878	0.993429988106116	0.978686425505489	0.999021622897028	0.958420338106957	0.983134581573842	0.971362266358783	0.978670167327158	0.959606158245151	0.956330436326174	0.968521939397818	0.949371341476898	0.984099427973469	0.991237552592161	0.939107174613203	0.994556769680594	0.988855586757919	0.738929362041183
0.947077668649088	0.998745166283298	0.990736997227403	0.999665681172897	0.98014796734079	0.892084368683577	0.894021335304557	0.823900913799409	0.86869796309185	0.841448433265842	0.886592347954902	0.966005175409864	0.954568551131209	0.697037889445443	0.738363006083831	0.831549211441567	0.947867226870108	0.500665855793559	0	0.731323015539385	0.856517248748149	0.764746262553639	0.744885166222648	0.927797348550739	0.993987475936603	0.959133666450181	0.902672574747287	0.836734603413644	0.971447544404957	0.998219636882988	0.965887506693281	0.998645403546772	0.919752422803334	0.971364039838545	0.999257214337142	0.977351903836896	0.997102896244163	0.999457526377218	0.966698233531677	0.981954229352184	0.995272190567698	0.979951103239094	0.858132535035052	0.80496924128237	0.873474468349633	0.839316566377352	0.980060747128332	0.999986258894412	0.977135128126691	0.979640064144301	0.993644542828761	0.986365142913429	0.981402318101157	0.974989806204985	0.987423122622622	0.754928074425733	0.9770450100543	0.976033496101578	0.990144942397425	0.993142728382172	0.994918842107828	0.815152487467392	0.891792122795218	0.815553341354193	0.794274234911115	0.858410923831514	0.847160512896283	0.846752866180655	0.915175288328771	0.768484496603758	0.665275738856144	0.787518037365396	0.802253843426678	0.543663474548213	0.939366356412713	0.7477491872705	0.647540323806042	0.975553538084335	0.652914857020724	0.857256895577276	0.995015437546011	0.993691634278405	0.93193202766982	0.926763107587731	0.938934635305008	0.984610750081245	0.917977183139132	0.991964253471676	0.995195565413508	0.986906820349368	0.999927751128679	0.986720589600112	0.99990679294118	0.985691181648954	0.966848764438145	0.942873070544077	0.981617023068844	0.971134893866455	0.988106596584811	0.970199792642973	0.952385660277665	0.922672132073491	0.921845735593734	0.91802672977808	0.920525834134156	0.991430317744818	0.98473101316428	0.977905199519442	0.994909330613431	0.969513979909505	0.980173463840894	0.996467792931476	0.752216456936465
