0	0.947870380509976	0.818347580701835	0.997943171929763	0.999945457297366	0.981363870336405	0.963573197520694	0.991418656832902	0.998239616382153	0.999823198879022	0.999926281491875	0.978167945502937	0.973208939758294	0.979992030117318	0.992993758309415	0.999873036442789	0.995678753577541	0.998481931058732	0.983516003926095	0.976354215601766	0.999998602908099	0.998618401176757	0.991375331582951	0.99504183870303	0.999961169064254	0.988520805717253	0.998462093990092	0.988497658767325	0.977905137390443	0.985276370254265	0.913218076512567	0.984037235535595	0.966774173847341	0.97784227396511	0.996168714026517	0.993705918413263	0.952873418514895	0.996357903919554	0.982938507765948	0.998975974411764	0.964332569492713	0.964565753191955	0.970911844173052	0.991377176008544	0.999100537246772	0.991559406323163	0.991005571910811	0.995673831166318	0.999205443496352	0.989366320689772	0.993967526186128	0.997163761940224	0.993851686609413	0.996067757926601	0.989903249098785	0.999201870528321	0.61103865171598	0.994387524659204	0.848814394492198	0.993750650110738	0.992516053953725	0.96369988982102	0.978790637964186	0.9823253738104	0.985355957188816	0.999420455559706	0.99569986227853	0.999845047173504	0.995552762533077	0.988710566101623	0.96059215356233	0.997458188393384	0.995989569937546	0.996030672040292	0.999864177884943	0.991370825832658	0.99366558268526	0.996725387030407	0.990369297690701	0.980623045155221	0.99726971799493	0.999481108230857	0.999993567917598	0.998861684954243	0.969198563402131	0.998313678897545	0.999860740846401	0.966039320918255	0.991128437444016	0.940106413202979	0.983619984336073	0.93310758204224	0.99573308268052	0.957709542917545	0.965448113433172	0.982816084538886	0.999990164613969	0.965871495627572	0.933571737293973	0.969416518591886	0.979345748853831	0.992790741356042	0.98441696317901	0.988143219169179	0.976686248231287	0.967864714044965	0.999809484238087	0.992165899472582	0.996176544217714	0.983954398115827	0.984612499310779	0.999681770310068	0.998657840459456
0.947870380509976	0	0.836368498034286	0.769443472708856	0.746742926296008	0.964743312225814	0.992127590455149	0.934093094540274	0.935399249028147	0.884644112641608	0.930148243520067	0.757161349839117	0.95688072662642	0.968089567099808	0.992489723585565	0.830820710534775	0.930161778344279	0.8856313322729	0.936840681573006	0.899991653940405	0.805709315455007	0.844066258500121	0.999480036623721	0.958121439206994	0.989372733037287	0.999288885966758	0.967558460397096	0.972793766265221	0.985581463941857	0.994169071589482	0.996321312099909	0.999830462766309	0.999570443417706	0.999387493212972	0.99880986547188	0.992758778398391	0.995812460578162	0.999905688430277	0.998206401883722	0.983665198963992	0.979861126066945	0.9898493385681	0.987837506125608	0.999766276758304	0.995075170489132	0.995058842971931	0.993032451679595	0.990689260458089	0.997435583351621	0.99977197012211	0.995248437382627	0.984131361699919	0.8073215718104	0.983665936238662	0.971284031519821	0.965791770571484	0.917343953449004	0.500763754763511	0.826867221512905	0.749167919279919	0.778622248775301	0.969476647982259	0.992035154586907	0.902910125426684	0.926214420125041	0.882156996911215	0.809349654499388	0.778491454623116	0.927709002181116	0.811058596864682	0.976730889483196	0.936834122842137	0.818326353455254	0.850152483732167	0.734692070361828	0.896612399783438	0.902301855448264	0.816465853703992	0.858822649642043	0.989962450918356	0.992074720553776	0.935888842838602	0.999043700528063	0.950405142762461	0.992772640430178	0.992616202552516	0.993316854865582	0.975235831158248	0.990874241637427	0.994644271318935	0.98478553243171	0.961676478772992	0.996112029131203	0.997022166775014	0.997707860553051	0.999020523609048	0.998622543881579	0.989608606299086	0.96859503867535	0.971505735462207	0.984505525523666	0.999077147420916	0.999511515963895	0.987559809139606	0.987101951499315	0.999133221205202	0.998517494109435	0.999941309879237	0.916253057029205	0.967106896681588	0.962099999970099	0.987044539430915	0.981234211271571
0.818347580701835	0.836368498034286	0	0.832020308430725	0.811367979744623	0.999952143996823	0.994194000911614	0.986636526939512	0.941726603892665	0.967079942885418	0.985073868046209	0.975723127168756	0.936291040730416	0.958001500771241	0.97808130431884	0.935156367844712	0.99265593355407	0.945978906793638	0.97402732318331	0.897964570488815	0.887246565165749	0.93716392143958	0.999928426239917	0.995297809135979	0.966233233712595	0.995152521408476	0.930647549330399	0.955488157276624	0.998218784482672	0.99452474407983	0.981435247775366	0.96365417539889	0.979936213807881	0.997831469984737	0.998185869378791	0.999619185162985	0.999541081057068	0.993252637077082	0.997036296368944	0.979032419727666	0.999647364545158	0.956685902126166	0.948250287119628	0.999867732674663	0.992045265219384	0.999990677641905	0.996673159889819	0.99929010113507	0.997052333697752	0.998299883061107	0.999006501409082	0.99999362823403	0.901494010761435	0.96037261918518	0.968062671777764	0.99388489496133	0.710841230652619	0.916090466284002	0.327608877265324	0.748686570104681	0.882767751419254	0.999774867389762	0.9970110258788	0.976331928052689	0.927060149781187	0.963430756534379	0.985226099120836	0.921970446561608	0.939438568174083	0.949027917765213	0.999932696355844	0.974491239686745	0.9772738302297	0.921333726850463	0.941498101756153	0.979065740802913	0.93773789083497	0.933245095637766	0.936899314332741	0.991104209504027	0.999825475077921	0.973635702438472	0.999997734748816	0.93196447435403	0.970327586435943	0.972501969646718	0.996434245471957	0.986630325490336	0.997963741533444	0.9861833382367	0.944520327172972	0.938241335689834	0.999498094363602	0.995191069247805	0.99933121504301	0.999152360647224	0.992694475752916	0.964525253593205	0.877965587354535	0.893026131870244	0.993743375572447	0.999979539528075	0.995868708582161	0.999049086322955	0.990388311770639	0.982521103490533	0.999999584452718	0.997381920308955	0.971365773749881	0.953374248825667	0.93515463223519	0.985258489071217	0.996737656263271
0.997943171929763	0.769443472708856	0.832020308430725	0	0.47909610249004	0.965478692097691	0.991182367435748	0.870456854104648	0.902193512341058	0.854936534965111	0.971320157532668	0.728022136959203	0.950351665655603	0.954392123038157	0.978407633070914	0.748148430932402	0.882461351627227	0.858910795851094	0.794393522314509	0.843224230444738	0.640743969433367	0.724106842427741	0.990641730434223	0.978090612441948	0.942585976534169	0.956752514988737	0.916795096137543	0.974511016961732	0.997750773342063	0.994387659341932	0.976756471957926	0.996635580258004	0.995493915519103	0.972193454269138	0.984079682892454	0.971863951494354	0.946724396002739	0.966046559284264	0.997920954848058	0.950985169721139	0.94705642266576	0.99571683526224	0.976451459430754	0.983074024693508	0.959809233057566	0.989102460637671	0.999688099936982	0.995449395166372	0.989794732528675	0.961709203227893	0.997544628575464	0.99757060672619	0.806438109432637	0.983890073413754	0.989006413361304	0.991212001273866	0.994781550915775	0.789038045778135	0.79417910685627	0.473552172294476	0.47692481478946	0.958054620544022	0.991087552906277	0.825705007319983	0.9174574566683	0.869042011938709	0.905551636025874	0.737496223612612	0.898929939386844	0.783003142458064	0.925483202680297	0.856217422522782	0.826021835534385	0.77560357367694	0.724025189654294	0.836788193423016	0.824655557807611	0.65287153967872	0.647252295497538	0.997680399238635	0.995939576353674	0.916044313706708	0.998217486667565	0.877333536245016	0.99839410973014	0.983018289918892	0.990235634682829	0.999991292704812	0.99310958918358	0.978965267930385	0.967969090741781	0.989290119255879	0.991382878707046	0.975396782214932	0.97571823339331	0.975689401634115	0.998343517568891	0.993247270643303	0.957779508639598	0.95705864300032	0.997580181637692	0.98877904453709	0.993667630995764	0.994934882742649	0.999618584245601	0.998724612741817	0.99419099179588	0.968616645571171	0.94996941531376	0.97307971032025	0.97494823197563	0.991599803012253	0.991305458104803
0.999945457297366	0.746742926296008	0.811367979744623	0.47909610249004	0	0.945048787757152	0.988940671900996	0.831142988147435	0.875120872746876	0.846110173759314	0.977973194306085	0.707336097560681	0.923620062145362	0.982912821135828	0.989110435986185	0.730608639486879	0.893426530734588	0.85255259241287	0.797406459467902	0.849806229397829	0.63319263686166	0.674240928498955	0.993278312906382	0.970908224843984	0.957657701334339	0.977477067552277	0.870747141822942	0.982280615163243	0.997640618709551	0.990745294817775	0.982934597034258	0.999545186481587	0.996291865415254	0.97279352692115	0.986422227122794	0.979295472434299	0.951669003308621	0.966434436183497	0.998326085547812	0.963495798689479	0.969388947718653	0.98685231370616	0.971983296343546	0.985358780950361	0.959426090337265	0.996570662348777	0.999924791280245	0.998884901684521	0.991894424044126	0.974104001092493	0.999571284717912	0.99825189550381	0.838408214003781	0.980691110788235	0.993567506410345	0.987831445158635	0.984947784585675	0.76058342718043	0.765968706037023	0.461989393773406	0.309226466460777	0.938273057583606	0.990260325656973	0.798473540775687	0.876600612169208	0.852971263198559	0.920575953602733	0.780487130102737	0.909894578816902	0.779988872037072	0.945601224180499	0.841875519468067	0.838234140372248	0.785730914216503	0.764946635022604	0.798424488127004	0.834713151392918	0.651528436517035	0.630547121419114	0.999879584913901	0.997933050076087	0.923060074415144	0.994532153058187	0.888079239406956	0.999632313537681	0.971183984633183	0.989100194538949	0.996676413482402	0.990473526384016	0.986095502038734	0.959152117932324	0.996300231613073	0.990910121934877	0.98009249317718	0.971389310250523	0.960384312456431	0.996454306165624	0.993891306025513	0.943368622772633	0.938464501785923	0.999030166737323	0.986445908687305	0.994330386262114	0.998406815071085	0.999936966578886	0.996474811137053	0.999055443578845	0.960581485470795	0.970964330791878	0.984517125773219	0.971805199719634	0.995667825584308	0.996095200936705
0.981363870336405	0.964743312225814	0.999952143996823	0.965478692097691	0.945048787757152	0	0.488499352857195	0.731086112581627	0.835309364708423	0.81254453934477	0.949150066547493	0.877345111683155	0.980972015245879	0.998206609094159	0.996488879526676	0.934136361201815	0.861062513051716	0.997728032445445	0.955310863423015	0.998652632677632	0.953917375632583	0.931136359113091	0.968638449229409	0.998041629417731	0.999973054989134	0.99130249330709	0.995651906137064	0.980181579427772	0.935281655557603	0.983943487647752	0.998998261316062	0.985548592672106	0.986054098745318	0.993639044670071	0.991403223427363	0.942659506936594	0.996504693469863	0.973058469657934	0.997968775160763	0.999283909876732	0.989990929317384	0.965152601706574	0.980744491328484	0.890233448355739	0.958034376566907	0.896475439719735	0.952225174052984	0.964362966691809	0.988900414681206	0.992937219041156	0.998024222758528	0.986610078113427	0.999989808165424	0.915315409576256	0.878997942635602	0.894460031939188	0.997271084818247	0.930431984532415	0.999315980796367	0.970458160629135	0.920863786483389	0.397363794102005	0.502972325018315	0.633576867280843	0.945119706656556	0.796844832446594	0.849139108959764	0.920045104768721	0.970376900117389	0.968274228084329	0.803535092439905	0.966973538909619	0.962588762957019	0.999989019523233	0.978283027256697	0.950938141484554	0.999301103452722	0.953220936323896	0.963478424190752	0.948275860223632	0.995902521330769	0.997118080581042	0.996909204649876	0.999577854941383	0.999777151144462	0.982519258755121	0.959881508184903	0.999701537060193	0.999892711980271	0.999799365070313	0.978282920929466	0.978263500501304	0.967300181601184	0.960283573923587	0.999395081066317	0.997126599420563	0.962957449972005	0.985096438647632	0.997550424850557	0.994284420101314	0.961505657631018	0.948247250080243	0.947585386718614	0.92776758535678	0.995554914195826	0.99023959350736	0.961379582746898	0.995468497730015	0.979439564006937	0.967437331450598	0.922438532230647	0.926254520077946	0.936514412140812
0.963573197520694	0.992127590455149	0.994194000911614	0.991182367435748	0.988940671900996	0.488499352857195	0	0.816424340475272	0.922415603546162	0.87922789926864	0.97118563419562	0.943973205800561	0.997305586727638	0.979687866693671	0.999603746716672	0.977220453020872	0.907821178562225	0.994668301204149	0.982935372940747	0.980371802191838	0.995318201500732	0.973100364234074	0.965793117879202	0.980217676742249	0.999809924608219	0.98687547062741	0.999574068727239	0.989620981815476	0.933532760221072	0.963213189699533	0.999139086088622	0.97585576130091	0.981288540527132	0.988523751489537	0.989141930126668	0.915216703270425	0.999473491462888	0.928489208903713	0.997969408765428	0.994961831754933	0.984513516985434	0.972173857325167	0.967102688491903	0.844283063386737	0.904293563095414	0.862270415306883	0.934889532222893	0.960925845116281	0.984778912689009	0.992411632187822	0.996454663265411	0.992886000448998	0.990498767449829	0.921399368150961	0.900290190586168	0.918014806416775	0.9867203165155	0.971735170340687	0.993611491106783	0.994054339893952	0.976036562991483	0.546313405352367	0.299998522804116	0.726492144820804	0.965519135868048	0.899980097649913	0.85848043039223	0.966975158907193	0.987917030111064	0.991630489407423	0.835578564605621	0.992078271090113	0.981724802270956	0.985207828526639	0.995487670273248	0.987309369046205	0.980472741708951	0.994563351183252	0.991738986030405	0.948534778166255	0.999836345056894	0.973565970211287	0.986812803401557	0.997081986237398	0.998898532350537	0.99349099169677	0.980210547441506	0.999576013466548	0.998274931751144	0.999523015436871	0.996654253913497	0.984493620982178	0.956929579133151	0.937598678802141	0.999160894691689	0.999989970430942	0.933071371424153	0.986500837321292	0.999909554584773	0.982931336715543	0.945857732802151	0.926944725123563	0.919722248683478	0.909659828742042	0.988039815660198	0.976059918839823	0.961156504510687	0.988113229135461	0.992677337085993	0.976013368448535	0.935348034527187	0.924874292550427	0.941627162401547
0.991418656832902	0.934093094540274	0.986636526939512	0.870456854104648	0.831142988147435	0.731086112581627	0.816424340475272	0	0.829034720192378	0.72004715185648	0.909016614528246	0.816571426453659	0.974918202235814	0.990892036309865	0.957264526369577	0.784142291757688	0.824367555147088	0.885717174706171	0.712437621855384	0.880974895805908	0.805648249091531	0.694107550767579	0.98238074984845	0.985544040409896	0.96756723658065	0.999005318852432	0.934665646442805	0.970240835569228	0.996503108002367	0.998514547998001	0.986762516598996	0.999999497005789	0.999720547558737	0.992627277636689	0.999794215675397	0.999998783736669	0.962699262101284	0.998814948721558	0.999966298080443	0.9943218940415	0.997118695825466	0.997674955107666	0.999780682890692	0.998699173896369	0.998296930327264	0.994762750192789	0.980443935933249	0.997494141615203	0.99988724489619	0.998594807778998	0.995561762617801	0.995773443211607	0.965695043667398	0.989071625828145	0.983693963872874	0.944967692447644	0.999613873033813	0.866144443315849	0.974763934288656	0.896613350685133	0.789685402222163	0.690173817833765	0.804517001895339	0.437365838573329	0.855850667577687	0.718227686140386	0.817147222813495	0.845199036922361	0.934646567738549	0.860608071473277	0.703617560860212	0.82170740702674	0.812145826474116	0.876445416073293	0.828272929703665	0.767849042798633	0.903699751512654	0.757758184086504	0.772002862101687	0.9891654718805	0.99985575898134	0.972068019543343	0.995893994235834	0.931872130525902	0.999999887344088	0.959869030727779	0.974937338851067	0.999490858466675	0.999838321499565	0.998358325014222	0.978492819033431	0.975194741059463	0.99797327084232	0.998646641159116	0.987533856293908	0.990150918713243	0.981849068352697	0.999557109585709	0.995279206097895	0.989242511189893	0.992821789695303	0.999505107041207	0.9994820803277	0.993535483224921	0.993613152752772	0.999896746268629	0.978313198636956	0.999313873275533	0.91863145419091	0.995896878901824	0.988170216209835	0.989844107773275	0.956462902290879
0.998239616382153	0.935399249028147	0.941726603892665	0.902193512341058	0.875120872746876	0.835309364708423	0.922415603546162	0.829034720192378	0	0.784321012365529	0.974602448809545	0.89464351665869	0.984577782585945	0.999529885619497	0.998685689719251	0.903577141805412	0.923169802034182	0.977447144728706	0.917796019023278	0.959341781025427	0.903123879842879	0.890821751887518	0.983769687106874	0.998699088894708	0.993879777176038	0.998982985100903	0.933693818082864	0.995223986628457	0.974541056316073	0.996931879421377	0.991736411446364	0.996309909701886	0.996882533266982	0.993261062078178	0.998129824170805	0.992840908518632	0.991754858707576	0.999905157965965	0.997781109112669	0.999612344806724	0.999139084907234	0.978672520818107	0.999664816216992	0.974195932739189	0.99794470841527	0.980960608540184	0.972775918472201	0.995856502079393	0.999994223780038	0.998949592886677	0.99647035031066	0.996250724095481	0.976016671903314	0.924779682332786	0.937003459033436	0.974464340793246	0.982343989880276	0.919579884199333	0.924759901425181	0.887938172995274	0.877636667798492	0.825290657990894	0.918458296081015	0.748621497807608	0.84741610823787	0.795158459104181	0.946589313793198	0.902718780066101	0.96553837739663	0.946156725481551	0.938531769068677	0.957159763040855	0.958742656223034	0.960285842011194	0.957789124421241	0.920668962332795	0.96634377359344	0.890660475852766	0.914467590666551	0.988363730667631	0.997663501268704	0.999248586745767	0.999607608389908	0.976483933623388	0.983599927866587	0.955299380583062	0.94618176892925	0.99970006823606	0.998541695089241	0.999981383833102	0.956880819687327	0.965054069805606	0.993704442935151	0.993406561267543	0.999708540889504	0.992743373987141	0.99772690352821	0.999139204773892	0.969538025383796	0.995866990437535	0.99444529502729	0.989147559359211	0.977723610963907	0.982364321949303	0.991789752549428	0.994957399821585	0.992412785680493	0.997678824169424	0.964216776573653	0.965920962177382	0.912869549765487	0.942924547294605	0.978244700087185
0.999823198879022	0.884644112641608	0.967079942885418	0.854936534965111	0.846110173759314	0.81254453934477	0.87922789926864	0.72004715185648	0.784321012365529	0	0.881137552120936	0.806318118286098	0.958801232672896	0.980876231725891	0.971799035408145	0.885662960568887	0.900604031934899	0.959232700951275	0.850775706136931	0.913337924601433	0.844249431368407	0.839371913731974	0.963040828560152	0.995388514070918	0.989208886423213	0.996108029450222	0.924860204187851	0.952580273297644	0.981793364572766	0.987838029068352	0.994319603896002	0.995772481583884	0.999413480494817	0.986224839336339	0.998686197866515	0.992536277671141	0.971578470941929	0.99832133365741	0.999981642017661	0.978779340391796	0.998700910691504	0.990525019135807	0.999701931757281	0.98557433063642	0.99853383920647	0.98824844228581	0.965010738069375	0.995356215736864	0.999998358091633	0.994701437520927	0.985953614494276	0.999966021471994	0.956255681816753	0.964197448032964	0.952663400006734	0.948968491668489	0.996044161379212	0.834718165704659	0.943091478766532	0.879340651063283	0.824716937371886	0.813710587274653	0.870327440835861	0.726606045139101	0.857217757365012	0.417050664866971	0.792661312737183	0.873150342604828	0.933326885822592	0.892997769602567	0.870505447860409	0.903158799527431	0.879928157993691	0.946954947297727	0.87561537974928	0.882873776221227	0.953477182466425	0.841951859838023	0.891369685074464	0.998614276563728	0.998986607376842	0.98504613437097	0.999680058081158	0.966090896707563	0.991631919154706	0.990343017397391	0.976051690280438	0.994149948086753	0.998519832171472	0.999331530986791	0.970917703745126	0.954179971925384	0.966452630311154	0.986248111847262	0.999997714389875	0.9995149834121	0.993180268334031	0.998513295783077	0.983191841808714	0.989112690561177	0.986105332053355	0.98836697214387	0.970267722033707	0.979932627737667	0.982992032368387	0.996071006306334	0.958792133412986	0.999938770248171	0.939177800465546	0.971657002500513	0.956886128968513	0.960929269219687	0.928948811789559
0.999926281491875	0.930148243520067	0.985073868046209	0.971320157532668	0.977973194306085	0.949150066547493	0.97118563419562	0.909016614528246	0.974602448809545	0.881137552120936	0	0.842525334090544	0.922225308506909	0.903057187827136	0.78326613626763	0.884649697857041	0.893699638534012	0.944595645086031	0.928326172866939	0.935938975903708	0.935081890732778	0.963479407706802	0.999953271051674	0.998842606770862	0.978633711965046	0.983107789094102	0.963344499083108	0.95827201706892	0.989187115553615	0.94282538752298	0.999223673390858	0.996416564853591	0.979655319482636	0.963498692946843	0.983336527657927	0.989598716627354	0.98512644965357	0.999630302721261	0.995999975152119	0.994632070431744	0.998596816869526	0.970177698011869	0.990678516288137	0.996928864936969	0.991170658870138	0.994195349128597	0.998788659718563	0.999986443754587	0.999137795640685	0.999358812687414	0.999808554236768	0.992472801400791	0.942247670610034	0.999741992997162	0.986452541671139	0.983516102234094	0.995449561907007	0.928296260230733	0.982397361827145	0.985565872621723	0.972016799873593	0.951432692591004	0.950957173145341	0.922300999566414	0.993165560957169	0.863631832686884	0.656599324277732	0.891219920239719	0.892520901464586	0.867993557073547	0.853802990493348	0.94863446970041	0.861158418835299	0.956271169689563	0.866330136992777	0.960260131441097	0.969087477799518	0.93106588698529	0.969207081493877	0.999982539155525	0.999969606808834	0.993970657464584	0.981325628112652	0.966757686512625	0.999777879160308	0.999397399584163	0.965462075477239	0.969601539833842	0.993942800891518	0.999322847084187	0.997856176407477	0.925283802269368	0.973546178704906	0.981531936232868	0.995983702501554	0.999234312009716	0.99899374117961	0.994711839270162	0.976468741377021	0.999991814484318	0.999482577168324	0.995715021296343	0.99775148436688	0.999042515095765	0.99905278319456	0.996728384400642	0.982626612408628	0.997482538849895	0.941365024744091	0.999276255559422	0.999949038872689	0.999948473793249	0.976148541794745
0.978167945502937	0.757161349839117	0.975723127168756	0.728022136959203	0.707336097560681	0.877345111683155	0.943973205800561	0.816571426453659	0.89464351665869	0.806318118286098	0.842525334090544	0	0.916513390189785	0.94589090067308	0.951699435397277	0.689225580476968	0.780238532005559	0.89776784291398	0.859429412646651	0.92340119976899	0.716001644902677	0.782948829356904	0.986140686206585	0.976006063392499	0.985377813437078	0.994945031346242	0.963414652843847	0.983061465051021	0.999868420371522	0.999083101053046	0.962715534146627	0.999623570218043	0.997379919687034	0.988082043272205	0.996910382306857	0.996109770383537	0.945463619215688	0.991146536774796	0.998730319982542	0.968948225209208	0.978766514093036	0.999669652622506	0.996818672522089	0.996054744768491	0.975788338808989	0.999576818242237	0.999664546487058	0.999961760147602	0.999286201920251	0.985394146327961	0.998087879770548	0.999864194912177	0.822840160996924	0.98699264199676	0.977885793954051	0.981254715536493	0.996983947615828	0.724006155694298	0.967168999096294	0.81387501486716	0.67503942875259	0.86856697219524	0.9402378121894	0.772096304895695	0.922174575380757	0.826646868178561	0.707876391544456	0.609650520558137	0.837334056534508	0.666983656284925	0.807995987091622	0.804064789244774	0.748255795915102	0.841251083009103	0.71082970041607	0.842295218723616	0.910070352990476	0.711936855382286	0.793950773317727	0.999842361749731	0.994476796945498	0.956935152365	0.999714228339107	0.94403285909003	0.980151704877225	0.982976784345369	0.989578302150813	0.99978152968266	0.998150684663084	0.987913568735918	0.945190290428125	0.980986375790439	0.998731360092575	0.994606267365795	0.97687781778091	0.987402365881942	0.997340264686804	0.999817928937701	0.992899668663884	0.999015592823734	0.999999646359986	0.997437671391666	0.998981689028791	0.999528033941912	0.999559852591759	0.992971655646983	0.992737483192447	0.986734125269115	0.960044265550414	0.975286833608863	0.98509206278672	0.986893493776269	0.975516796301461
0.973208939758294	0.95688072662642	0.936291040730416	0.950351665655603	0.923620062145362	0.980972015245879	0.997305586727638	0.974918202235814	0.984577782585945	0.958801232672896	0.922225308506909	0.916513390189785	0	0.918804796413686	0.866338881625142	0.875747282996373	0.942307476971886	0.949839965169364	0.982384425968804	0.944436034608888	0.944472249379085	0.968977389644736	0.997036730858565	0.999916472255438	0.966025510778887	0.997812933749382	0.972443791032814	0.978817924618826	0.998311408437818	0.859856826687734	0.815232743295488	0.871215652467961	0.877106698217903	0.997725121536934	0.984715356028443	0.984427431004533	0.968215229611678	0.999980672902704	0.986762546260644	0.994183067023857	0.975192718449518	0.968210040129788	0.945728817251403	0.994646978581207	0.962847732727123	0.995249070560998	0.987454265557586	0.996223022588322	0.992157112676074	0.993033823182064	0.988457896956667	0.995872024720819	0.925738224106385	0.995971177577605	0.99322684789197	0.982654039578902	0.963517125795074	0.982089482205127	0.928034854885859	0.95165226201866	0.937722394056729	0.991486549066589	0.988639403133984	0.970340296463683	0.981704408657777	0.946777614454498	0.950638834319563	0.897290354666343	0.643396451858222	0.971544609800397	0.945832496059966	0.889195826276503	0.950327446049226	0.966198808518117	0.940380566483604	0.993828978542283	0.975036818264868	0.947756686602871	0.973720045825935	0.996276194743081	0.989807739106704	0.983864121086756	0.999964845154558	0.963564469492164	0.960780884908898	0.999506195778749	0.98813331041807	0.994905985799831	0.903288337054485	0.873093800298135	0.808656215072519	0.88224869724299	0.993164855795004	0.931562528514719	0.99207027751541	0.994102677876544	0.999965736260827	0.986732129753505	0.891608362836136	0.957793559164216	0.999981768548967	0.995377441767653	0.997277930787062	0.998281220742234	0.996002937607669	0.971783779255207	0.99903279554055	0.996361968719642	0.998149801223128	0.971660819884114	0.989279582997831	0.994703875333404	0.984564719438164
0.979992030117318	0.968089567099808	0.958001500771241	0.954392123038157	0.982912821135828	0.998206609094159	0.979687866693671	0.990892036309865	0.999529885619497	0.980876231725891	0.903057187827136	0.94589090067308	0.918804796413686	0	0.716838692252257	0.933567110356079	0.986663362035957	0.865577704118545	0.952625418389921	0.832462250371955	0.840604868453928	0.953742438229918	0.980916101611266	0.90154570739416	0.983843439704637	0.996263600851219	0.980430085719444	0.956830950098569	0.975905493975446	0.987133499128147	0.999772333387302	0.998898581174553	0.990654954018736	0.988880096047365	0.977753866167512	0.945949271207654	0.998816888660407	0.992065259111507	0.973484640729801	0.990842039963787	0.983028085741907	0.994318987085485	0.977691877729968	0.958310415314908	0.957235679810746	0.969977146779689	0.983684779716991	0.999432624899371	0.995775748546021	0.998977561612392	0.979731537696337	0.994011283613676	0.762552849307585	0.988285446048775	0.998102881605221	0.993300175963632	0.979668537324572	0.958743049249226	0.951391673098562	0.965921653329448	0.968115618820158	0.990307005549453	0.990100244914059	0.998634437625442	0.997954439015633	0.981082044878081	0.965059423484006	0.865613308022168	0.8985738234969	0.937835165121866	0.94844753004421	0.918772798544344	0.907569485720271	0.830536573718731	0.880314549750091	0.994579810928346	0.905364462866911	0.86612735721089	0.956090221562865	0.837224739126059	0.989685334556548	0.883169366106751	0.998457578864212	0.956372335084431	0.986292049246062	0.998741486664872	0.999991757590233	0.970621581471768	0.99122367974092	0.999353809393688	0.959476303674085	0.927884570469054	0.99483013670282	0.987270636429254	0.977101804002083	0.966663059070206	0.999967360474138	0.919594532142954	0.992744873732223	0.967853422515796	0.999339085792135	0.999413082787056	0.995778771342766	0.998188208183306	0.995567847903643	0.982509827152683	0.970830015137607	0.994720830285902	0.916786475986526	0.965882155834262	0.993331839286432	0.986033016161726	0.952614648790535
0.992993758309415	0.992489723585565	0.97808130431884	0.978407633070914	0.989110435986185	0.996488879526676	0.999603746716672	0.957264526369577	0.998685689719251	0.971799035408145	0.78326613626763	0.951699435397277	0.866338881625142	0.716838692252257	0	0.897543529598513	0.964696202147077	0.909234220539974	0.923662651511771	0.891139053530453	0.927310874002947	0.965476286626385	0.980901420774119	0.948078025995594	0.938431034980305	0.999999806314715	0.96552763965088	0.974950223774301	0.977614447943134	0.968821521020201	0.97291475340994	0.997063383776981	0.992999350316817	0.944419766706566	0.997544999090386	0.981895464794965	0.994093976173587	0.998855377879668	0.968245990660048	0.996841638417924	0.989694719908804	0.984687501874944	0.994022486227287	0.972405911120235	0.976301582987923	0.974612313117785	0.995354263503947	0.999995544971537	0.99281361368165	0.997809460329997	0.972008161153353	0.994354160547619	0.925755637522389	0.959889436530926	0.992731826274924	0.987717317210167	0.997272006834271	0.990724786851698	0.970634348323395	0.993471106201202	0.985119532031273	0.999988895080158	0.999728872942724	0.980106397322638	0.999011968815722	0.963345000275017	0.921561491633917	0.922515470492139	0.843663533259602	0.963399429416664	0.841982501844683	0.846443412928085	0.871444797137055	0.922042703882438	0.902672879843926	0.994476663611565	0.949019403167775	0.917878669310773	0.973756010160207	0.909999613030234	0.934932259591398	0.926213370655179	0.967654791095609	0.891248892516116	0.98106528687011	0.99966319839216	0.99271118958784	0.972657583141695	0.962186574623558	0.95359805637894	0.959777394732029	0.858218847560191	0.999946313890614	0.996985266247274	0.955259425951037	0.933755705464628	0.986481219225358	0.8726847514905	0.999724937000309	0.978526211196479	0.999920244837792	0.999795339982954	0.998482879669514	0.998863455431545	0.991032252326722	0.987390601254568	0.96570714896554	0.969090300141131	0.897810246629994	0.992763811335072	0.967216127822191	0.980414250078927	0.934929860740632
0.999873036442789	0.830820710534775	0.935156367844712	0.748148430932402	0.730608639486879	0.934136361201815	0.977220453020872	0.784142291757688	0.903577141805412	0.885662960568887	0.884649697857041	0.689225580476968	0.875747282996373	0.933567110356079	0.897543529598513	0	0.748692282495316	0.741183589750434	0.751571511385446	0.823649459339054	0.674350052248112	0.631554925058519	0.999942313158575	0.960919706040942	0.93370163292722	0.987176485952485	0.930018344156431	0.975379794605542	0.998884514520729	0.998725404923198	0.994060985111081	0.998673316220555	0.999451794955744	0.999927174971395	0.99989786003468	0.986241292277826	0.968293630580501	0.963652935823409	0.999868649373482	0.994829800832944	0.982722456827046	0.995713169406849	0.999970124376274	0.958122481110777	0.899829429995112	0.968060371812476	0.994526892823957	0.996735468921518	0.98918763393091	0.9843035716572	0.999376348310366	0.998178490606223	0.819144984251663	0.999651580472782	0.993742902527761	0.987803798759047	0.999586068579898	0.842845219759487	0.915980871227644	0.803924577492402	0.713832045356573	0.934005437841424	0.974301146067916	0.765192280508478	0.905537290175652	0.882555242528602	0.847275628813416	0.677598379038451	0.770569062890136	0.781268088662808	0.77146240410208	0.641099398712833	0.625918837184742	0.709011411592884	0.643344771865919	0.792067327785555	0.805438154698489	0.623555101066208	0.669810247920238	0.998793694303261	0.999690968683644	0.914754861097735	0.988330844687856	0.828639928130983	0.999894038112478	0.964982853580494	0.985815091455634	0.998213060735668	0.998649638617399	0.99957195077847	0.90805361278417	0.949128681716197	0.999797188004001	0.999998267156219	0.98590644604142	0.992192907456295	0.994618705890616	0.97833047223278	0.987799695785499	0.988441390055311	0.995599085270065	0.973797526901353	0.986513197896824	0.987740963572941	0.999993764264031	0.999068668258055	0.99495119381277	0.989589543650539	0.939292118932346	0.988197417060959	0.996219924396311	0.996048432172037	0.987719219849937
0.995678753577541	0.930161778344279	0.99265593355407	0.882461351627227	0.893426530734588	0.861062513051716	0.907821178562225	0.824367555147088	0.923169802034182	0.900604031934899	0.893699638534012	0.780238532005559	0.942307476971886	0.986663362035957	0.964696202147077	0.748692282495316	0	0.958672527153519	0.877916558649041	0.968722803692429	0.873852015849759	0.863665278573303	0.985802759652473	0.987117622667013	0.982373674990792	0.999654159293366	0.985566822305609	0.992908397564448	0.988906555488367	0.999745494478864	0.98753031824268	0.987344704127829	0.992348372975496	0.999142488210519	0.999913566067849	0.998052015690017	0.972243770536322	0.993000143189891	0.997250043599897	0.997670073301996	0.999986960913541	0.987443854664813	0.995859538877149	0.999421731508464	0.998175268272553	0.995828661560615	0.990704076007393	0.999675986515492	0.999434633199482	0.999486585775387	0.998641091482575	0.996189840259197	0.95580048716787	0.96786512931154	0.949846972360677	0.982971878586561	0.999953187044044	0.892495918608124	0.990256192777339	0.91366592387873	0.874414333282607	0.860102747896211	0.882412280124503	0.806219542865614	0.94773140665156	0.903844675562931	0.833858239836285	0.81321081285794	0.893382301068245	0.901181875933702	0.821637016264481	0.855956653807762	0.809333359660531	0.927702514209903	0.876799100282552	0.885642144283678	0.95428488572143	0.878349323653654	0.88991028769935	0.994030920485198	0.998733970075695	0.973387863199287	0.989533638565997	0.954791410216093	0.995320227239422	0.990478779744502	0.966407469921067	0.999644782187722	0.999553149841908	0.995909016081847	0.960500576541865	0.953107171589336	0.986346443372372	0.998809292663214	0.993013920126374	0.99862789899498	0.976054140522963	0.999938688010762	0.988430878030562	0.999965986261472	0.996563357735259	0.999749928552202	0.99732050637964	0.99277188118793	0.988754636283079	0.999874887035208	0.972616167762564	0.9998059024128	0.958335868040276	0.974509997520551	0.964692963346853	0.97802883172245	0.976500012287306
0.998481931058732	0.8856313322729	0.945978906793638	0.858910795851094	0.85255259241287	0.997728032445445	0.994668301204149	0.885717174706171	0.977447144728706	0.959232700951275	0.944595645086031	0.89776784291398	0.949839965169364	0.865577704118545	0.909234220539974	0.741183589750434	0.958672527153519	0	0.800587093955072	0.695643327555379	0.731839013295059	0.754125962216122	0.900379658656074	0.838583640498408	0.875627198751461	0.972951498590449	0.918145641167275	0.977117921752741	0.974000209509267	0.993281182034522	0.998673810954391	0.98772625068349	0.978340592850853	0.995467355120075	0.986022902550774	0.927322681291637	0.998728094367032	0.961612467065943	0.949309186378177	0.999091817564626	0.935192296711644	0.989274967374315	0.955113543482249	0.910865248435306	0.883393203895793	0.949554388427677	0.985291473970547	0.98889679371134	0.991005545870757	0.99464871066122	0.895700890208197	0.912235775023218	0.776895914729332	0.960284691694734	0.975266538355859	0.930505401357871	0.995074759025498	0.867609648843713	0.928739239021597	0.891239556077315	0.840494849925715	0.996566666389034	0.99370764251219	0.917671141378565	0.967055869323387	0.938326886368358	0.95320894955964	0.863342308018193	0.917874546144374	0.835330522973123	0.898279149885185	0.848638060609247	0.766008309074656	0.556662211297429	0.688184451737833	0.867770340879123	0.741113617498853	0.69224044814066	0.755216750738319	0.922312498345562	0.979560618433121	0.813003835240784	0.983733968469284	0.806063376013172	0.99540016961107	0.98812908424013	0.997230470616191	0.99939273851588	0.996263933719466	0.990928619360312	0.994698952721352	0.963596367902711	0.956038933889349	0.978025406462273	0.999069301632116	0.992054441792783	0.99748163059763	0.93465870384874	0.992559693175473	0.919269763096243	0.984442787099012	0.969490930197515	0.923912828914857	0.976980111621845	0.999984385098924	0.998173843803902	0.973929445738959	0.999415975085698	0.815035081611208	0.998860257764341	0.98277996137214	0.970372622318889	0.935517725063574
0.983516003926095	0.936840681573006	0.97402732318331	0.794393522314509	0.797406459467902	0.955310863423015	0.982935372940747	0.712437621855384	0.917796019023278	0.850775706136931	0.928326172866939	0.859429412646651	0.982384425968804	0.952625418389921	0.923662651511771	0.751571511385446	0.877916558649041	0.800587093955072	0	0.782427420733437	0.727280619961234	0.550614969951042	0.989552346996614	0.947986564421553	0.944262891993097	0.968633472393205	0.922377472793992	0.998913595242193	0.989543755404946	0.990247584113812	0.958278366232344	0.992363849029858	0.979675095514199	0.991403249645786	0.985580448702476	0.959497400855497	0.885727052863105	0.936144103721324	0.998581079676555	0.973329038134299	0.958443546923239	0.985004239595517	0.988273878074242	0.942278052860295	0.924280642153351	0.964644495863039	0.99624446911547	0.983542036989448	0.983790287839069	0.963579624037294	0.992188597137752	0.997934076607533	0.923288981257091	0.992181124890743	0.99462963493301	0.997403529655587	0.998988407744121	0.885721042937604	0.952720856497909	0.852179792401895	0.752225689047527	0.950787494588843	0.979302474758683	0.767755685139805	0.932891642245235	0.862574196352629	0.902246765469574	0.86044990362022	0.929755479671535	0.798651653500006	0.834979425262445	0.731811120261805	0.717772816805069	0.683657285638043	0.74516335748756	0.638304173925892	0.738265381950909	0.617583683872354	0.573155267986891	0.999969199479055	0.999958962771717	0.861602038085925	0.988631494186956	0.837740531258988	0.998981558488159	0.942741410714655	0.966050549391679	0.991223673102073	0.997860467002428	0.980106055343594	0.98943207595518	0.995574716719782	0.992985937437999	0.978200890217475	0.961220061513988	0.981167394777027	0.998362447363874	0.996089413474097	0.999864090028437	0.959977751649272	0.987538338277136	0.959992082271873	0.960431901649536	0.9796610824999	0.997925705483171	0.985070953054053	0.990765388298444	0.968588445477735	0.937147989878593	0.999291659754174	0.997020919961829	0.996269158701161	0.994743096846936
